	Seq	TimeStamp	Xamcl	Yamcl	Thacml	Xamcl_cov	Yamcl_cov	Thamcl_cov	gdth_Seq	gdth_Timestamp	Xgt	Ygt	Thgt
0	0.0	1.4539781877443812e+18	0.0044052717828878	-0.0003335900091614	0.0281760348209584	5.126648487782368e-05	4.851542484192229e-05	5.372662724409951e-06	1	1453978187463580700	0.000222	-0.001235	-0.1807108885842616
1	1.0	1.453978195606795e+18	0.2146499687287135	0.0478813129670377	-10.68366208124734	0.0025507768736592	0.0002037367130581	0.0021582670668755	2	1453978187572780900	8.2e-05	-0.00177	-0.1787628320808169
2	2.0	1.4539781970107973e+18	0.3874966567284732	0.006614518683435	-40.00886862792108	0.0042487982017337	0.0004935424243821	0.0046331748753942	3	1453978187666381000	-0.000467	0.000279	-0.2244848641322565
3	3.0	1.4539781984148e+18	0.519937631920389	-0.122985265052308	-69.74207769098399	0.0052383988010965	0.0018366884725994	0.0058810025806847	4	1453978187759981200	0.000174	0.000604	-0.2530754581092846
4	4.0	1.4539781999124024e+18	0.5924503799408626	-0.2432762743350118	-98.94783604954196	0.0084469193344099	0.0104513085914811	0.0163352037823887	5	1453978187869181400	0.000177	-0.000457	-0.2190417650785137
5	5.0	1.4539782008484042e+18	0.5675395936243892	-0.3425746286146273	-128.63084625978664	0.0083425856468002	0.0110528920992661	0.0193413878869461	6	1453978187962781500	-0.001454	0.002248	-0.2884269540688564
6	6.0	1.4539782022524065e+18	0.4585467502721858	-0.3385962444954338	-167.00422767314765	0.0188403582937783	0.01267553307562	0.0296741166177783	7	1453978188071981700	-0.000178	8.8e-05	-0.1525213650638251
7	7.0	1.453978203656409e+18	0.3136567913289714	-0.3238417988875429	163.01659574080952	0.0200766941626265	0.0116976389933824	0.029458537666887	8	1453978188165581900	-0.000817	-0.000444	-0.2045459328617039
8	8.0	1.4539782048732111e+18	0.1135322319332256	-0.2520138252748889	156.99104366173324	0.0199679180387952	0.014241595039888	0.0284443225077116	9	1453978188274782100	0.000813	-0.001052	-0.0736250766743108
9	9.0	1.453978205809213e+18	-0.0984361485175876	-0.1802306547875535	170.1404486413243	0.0211274837529905	0.0197310202261139	0.0256611573499842	10	1453978188368382200	0.000818	-0.001418	-0.1619178729039706
10	10.0	1.4539782066516145e+18	-0.300390061421211	-0.1571823234016817	-178.17600565465568	0.0211740514884731	0.0250905410050231	0.0259927472614617	11	1453978188469382200	-0.000726	-0.000552	-0.1944045798878883
11	11.0	1.4539782074940157e+18	-0.5001703829457924	-0.1665316320613383	-167.99889460859063	0.0209719467048117	0.0353004745046352	0.029568407239811	12	1453978188569382200	-0.000376	0.001403	-0.2461999645677147
12	12.0	1.4539782083364173e+18	-0.7600828752396562	-0.2405337211714657	-160.86116148987762	0.0227295904617316	0.0519095079381233	0.0304739807370682	13	1453978188669382200	-0.000829	0.000239	-0.2043167497436516
13	13.0	1.4539782091788188e+18	-0.989386384043576	-0.3159573228061575	-166.87059079023788	0.0279806385466789	0.0673434583429957	0.0323518589094329	14	1453978188770382200	-0.000193	0.001345	-0.2795461082443287
14	14.0	1.4539782101148204e+18	-1.2511741456974097	-0.3434554497523191	-172.38532947060634	0.0306893186550052	0.0785891673175854	0.031882528009041	15	1453978188870382200	-0.000711	-0.000753	-0.2230524696444294
15	15.0	1.453978210957222e+18	-1.502464974978829	-0.3048916664294535	179.13167931675665	0.0305841256296983	0.0884427141021595	0.0262990756983989	16	1453978188970382200	5.7e-05	0.000296	-0.2299852589655125
16	16.0	1.4539782117060232e+18	-1.7380799895908638	-0.3100920481232284	171.51825632674604	0.0339472749442326	0.0928452904508428	0.0242536258626235	17	1453978189070382200	0.000289	0.000795	-0.2930106164299029
17	17.0	1.4539782125484247e+18	-1.9461687189710732	-0.2389814168072406	159.8089339812361	0.0356237530952094	0.1108011029944623	0.024165109188877	18	1453978189171382200	-0.001715	0.000807	-0.2110776517261953
18	18.0	1.4539782133908262e+18	-2.161173595883384	-0.1108709622378376	144.4772511214322	0.0381451262842205	0.1348354656844314	0.0232430624703986	19	1453978189271382200	0.000478	0.000122	-0.2724414315847064
19	19.0	1.4539782142332278e+18	-2.356052604492289	0.029347191160639	130.8709362100989	0.0418958329952401	0.1878132885572472	0.0258089215975531	20	1453978189372382200	-0.0002	0.001559	-0.2654513464841105
20	20.0	1.45397821563723e+18	-2.53979586753971	0.2936695218473847	112.50220838364386	0.0347431811667249	0.1985338024558038	0.0265041216185646	21	1453978189472382200	-4.6e-05	0.000296	-0.2388661047900402
21	21.0	1.453978216760432e+18	-2.617615758276299	0.5241601377245118	92.24734187636167	0.0318176352697303	0.2406499857042069	0.0313249188465183	22	1453978189572382200	-8.3e-05	0.000269	-0.2745040796471774
22	22.0	1.4539782176028337e+18	-2.6001918254862737	0.7505569179880651	75.01694857888647	0.0338557774512642	0.2457619847120861	0.0311223102548211	23	1453978189673382200	0.000156	-0.000541	-0.2556537681873734
23	23.0	1.4539782188196357e+18	-2.426951927148272	0.959829875551145	46.17196798415639	0.0366516892667228	0.1960520753183926	0.03367645167914	24	1453978189773382200	-0.000705	0.001909	-0.2750197416627952
24	24.0	1.4539782199428378e+18	-2.1766211819918992	1.129785983215586	23.48157963988841	0.0411572784926388	0.1584711225908521	0.0369101535843524	25	1453978189874382200	-0.001029	-0.000315	-0.2084993416481066
25	25.0	1.4539782211596398e+18	-1.9471065473185696	1.233646330028854	29.98943385278461	0.0457532650960872	0.1437330726860755	0.0398209274687044	26	1453978189974382200	-0.000373	-0.000308	-0.2487209788662903
26	26.0	1.4539782222828419e+18	-1.679523963415381	1.3625569825525037	16.345064598775558	0.0556961194406255	0.1152321564652574	0.0394704143731165	27	1453978190074382200	0.000617	-0.00167	-0.0693851889903427
27	27.0	1.4539782232188434e+18	-1.4633978640847132	1.395419086847237	4.062840900815307	0.060655238460531	0.0958348811022591	0.0369369151932203	28	1453978190175382200	0.000101	0.000419	-0.1795076772144869
28	28.0	1.4539782241548452e+18	-1.2617457411723516	1.3995164656429655	-0.8815576867657007	0.0637026246029883	0.0826957879973044	0.0370382682238241	29	1453978190275382200	-0.000788	0.001121	-0.2372045271841607
29	29.0	1.453978225184447e+18	-1.0692895721008575	1.3876161902119877	-6.376617865002287	0.071091885233635	0.0782375209327834	0.0412896646267401	30	1453978190375382200	0.0001	-0.000348	-0.2292977096113554
30	30.0	1.453978226307649e+18	-0.8602853461934705	1.3410567896117824	-3.1481491876765544	0.068745731844131	0.0679647871588549	0.0390290735181655	31	1453978190476382200	-0.000236	0.000799	-0.2243702725732304
31	31.0	1.4539782279924518e+18	-0.6749241706341762	1.3595176731189444	8.983870242218178	0.069814282944296	0.0620151169734655	0.0385013604253812	32	1453978190576382200	0.00089	0.0023	-0.3015476875773523
32	32.0	1.4539782301452557e+18	-0.5876953336265311	1.3951968634292302	40.32350366625864	0.0664350662022836	0.0594677585289931	0.0408370955781627	33	1453978190676382200	4.2e-05	0.001014	-0.2288966391547639
33	33.0	1.4539782312684575e+18	-0.5384644955166323	1.3767617307611502	74.09544461189374	0.1436624902046681	0.0714375267778826	0.1090261317464841	34	1453978190777382200	0.000526	-0.000868	-0.224083793675665
34	34.0	1.4539782318300585e+18	-0.547969285523916	1.35253300655078	101.95101667631556	0.1438358744968939	0.0785120348050507	0.1178526636611684	35	1453978190877382200	-0.000178	0.00021	-0.211593313741813
35	35.0	1.45397823267246e+18	-0.5575696061712276	1.349981408237723	135.75750102733215	0.2377162344806329	0.264329196150397	0.302040558920722	36	1453978190977382200	-0.000203	0.001429	-0.2306728083196694
36	36.0	1.4539782336084618e+18	-0.6209179856029226	1.3418027277153337	166.67113497349314	0.249084191457834	0.2804149742119139	0.328762020463242	37	1453978191078382200	-0.000596	-0.000287	-0.1889614808341455
37	37.0	1.4539782363228664e+18	-0.8181164312766346	1.299894516256515	-171.67372391970645	0.2484122254424973	0.2880888916861679	0.323279504678325	38	1453978191178382200	-0.00196	-0.001476	-0.113445643435903
38	38.0	1.4539782374460685e+18	-1.0221511278127295	1.295881669803718	174.70792973479007	0.2464680044470384	0.3310144584675303	0.3161377732176457	39	1453978191279382200	-0.001179	-0.001313	-0.1469636744510561
39	39.0	1.45397823828847e+18	-1.2108661665970335	1.2722384513472855	172.4959689560637	0.2533305767605085	0.3691583154986131	0.3038551878593462	40	1453978191379382200	-0.000363	0.001262	-0.2774261644023446
40	40.0	1.4539782391308713e+18	-1.425858924085812	1.2613752332488757	-178.36089081945215	0.2629180711832588	0.4228686895277482	0.2776489843577803	41	1453978191480382200	0.001354	0.000826	-0.3216012104069312
41	41.0	1.4539782402540733e+18	-1.6686482125525934	1.191872325355669	-166.14329764743894	0.2747067246192287	0.4694674362666013	0.2585772576374041	42	1453978191580382200	-1.5e-05	-0.001413	-0.2099317361359336
42	42.0	1.4539782414708754e+18	-1.884938505678168	1.0925417215577582	-144.95974517673253	0.286425221514337	0.5393338634354168	0.2321286044583919	43	1453978191680382200	0.000486	-0.000457	-0.2361732031529254
43	43.0	1.4539782425940774e+18	-2.117315495846595	0.9806096810150569	-160.94792035690028	0.3207741106470996	0.656061327200413	0.239148852487822	44	1453978191781382200	0.000819	-0.000182	-0.1744083528378226
44	44.0	1.4539782438108795e+18	-2.297442778727776	0.954148267107935	172.09534742451788	0.3321189199839391	0.7782453460688196	0.2339371191490788	45	1453978191881382200	0.001243	-0.001003	-0.2722695442461673
45	45.0	1.453978244653281e+18	-2.45540434465403	0.986065786133547	143.37405230358243	0.3598135774364035	0.9013035511461954	0.2435439069110835	46	1453978191981382200	0.001303	-0.001134	-0.2299852589655125
46	46.0	1.4539782465252844e+18	-2.644475873576336	1.1114683100988196	117.00480700436184	0.3506122432186807	0.9597070811207932	0.234509700378467	47	1453978192082382200	-0.000887	0.001585	-0.148969026734014
47	47.0	1.453978247929287e+18	-2.784006801255546	1.232378795453473	116.37152600563437	0.3579187244487567	0.9444260466822596	0.2174577807954694	48	1453978192182382200	-0.001052	-0.000751	-0.1703403524923937
48	48.0	1.453978250924492e+18	-2.915800177251943	1.355375690769392	154.96597729660525	0.3690706912140289	0.9540764189244306	0.2171327751841497	49	1453978192283382200	-0.001567	0.001238	-0.2208179342434192
49	49.0	1.4539782523284946e+18	-3.0499405140349305	1.2822894757056846	-172.7171003113832	0.3588073582529141	0.9655961141502634	0.1990392576706699	50	1453978192383382200	-0.001227	-0.001043	-0.0888657540247907
50	50.0	1.4539782541068977e+18	-3.2552071363096715	1.1832256853888756	-153.8404863184407	0.3532958141464792	1.031721801865016	0.1803339885786478	51	1453978192483382200	-0.000926	-0.001481	-0.0676090198254371
51	51.0	1.4539782553237e+18	-3.435716574735816	1.0169012714760466	-146.34186907318286	0.3338918520689535	1.0337833020537706	0.1607869110004607	52	1453978192584382200	-0.001422	-0.002006	-0.1827162408672195
52	52.0	1.4539782601909084e+18	-3.224735737902312	0.9697202718908569	-168.292402957984	0.2994654819031588	0.8085660364355459	0.1546624192319473	53	1453978192684382200	-0.000176	-0.001423	-0.1719446343187601
53	53.0	1.4539782613141105e+18	-3.0312172990395805	1.040457713597926	-168.59754294384356	0.2760294487172245	0.6723419602400815	0.1444996236614065	54	1453978192785382200	-0.000366	-0.001743	-0.1738926908222048
54	54.0	1.4539782626245128e+18	-2.836816231542938	1.0215691263855315	164.9366005428224	0.248401013514588	0.5642876862067405	0.1335573205345602	55	1453978192885382200	-0.000603	0.000905	-0.2701496004041832
55	55.0	1.4539782643093156e+18	-2.674752763573622	0.8632308088925394	136.15701275458446	0.2466269365390436	0.4885976723381844	0.1317831959436917	56	1453978192985382200	-0.002197	-0.001474	-0.1683350002094359
56	56.0	1.4539782650581169e+18	-2.5136446698760957	0.688676335158949	144.38327444868472	0.2528694278544607	0.4155321281008968	0.1204243726992723	57	1453978193086382200	-0.002116	-0.001633	-0.1674182677372266
57	57.0	1.4539782662749192e+18	-2.3450459449035628	0.5946050477091599	-179.91249471366723	0.2818048574197078	0.402770060413338	0.1324828905626272	58	1453978193186382200	-0.001955	-0.001963	-0.1658139859108602
58	58.0	1.4539782672109207e+18	-2.290973840349804	0.6197138465103151	-152.80342499827148	0.2918238335285998	0.3779163264896621	0.1320790140192981	59	1453978193287382200	-0.00167	-0.000706	-0.1940608052108098
59	59.0	1.453978269082924e+18	-2.47644242898042	0.5005556440208039	-123.15942868799732	0.2798627969890015	0.3719232465134607	0.1222027418381892	60	1453978193387382200	-0.000971	-0.000166	-0.2424184431198512
60	60.0	1.4539782700189258e+18	-2.60801891656026	0.2746786837486143	-109.44872066786336	0.330284598023062	0.3913532917588453	0.128059489776201	61	1453978193487382200	-0.001209	-0.001704	-0.1674755635167396
61	61.0	1.453978270861327e+18	-2.6845930146517194	0.077351143527018	-98.2372681062474	0.3888151258214272	0.369548684387204	0.1266691835975105	62	1453978193588382200	-0.001352	-0.001575	-0.1778460996086075
62	62.0	1.453978271797329e+18	-2.678951940203332	-0.1241409379816829	-83.43077233696485	0.4392163676529881	0.3631639604432146	0.1251727758073548	63	1453978193688382200	-0.001141	0.000313	-0.2296414842884339
63	63.0	1.4539782726397302e+18	-2.5559036751519604	-0.3387388144325693	-69.41878375256971	0.4615329491702242	0.3406536150467207	0.1181937417399782	64	1453978193788382200	-0.00112	-0.001098	-0.222708694967351
64	64.0	1.4539782734821317e+18	-2.3880696049856023	-0.5459544868312114	-58.72250707311712	0.5127026070222946	0.3207822593435357	0.1145583796678533	65	1453978193889382200	-0.000401	-0.002344	-0.1762418177822413
65	65.0	1.4539782746053338e+18	-2.208125361924726	-0.7411001827851504	-46.19826769768512	0.5772490887693813	0.2958108748518432	0.1146389968544685	66	1453978193989382200	-0.00043	7e-05	-0.2312457661148002
66	66.0	1.4539782758221358e+18	-1.937216856776654	-0.866441402492713	-28.47471530831714	0.5551596949534803	0.2731439965026472	0.1066775048916314	67	1453978194090382200	0.002098	-0.002436	-0.1783044658447121
67	67.0	1.4539782769453379e+18	-1.7511163285412192	-0.8846097328371643	-13.124557270243704	0.5436219871512633	0.2595460086112389	0.0975128448583368	68	1453978194190382200	0.001558	-0.000926	-0.907450555928198
68	68.0	1.4539782778813394e+18	-1.518182781090497	-0.8444271857374456	0.5852109442353581	0.5204732250339279	0.2743616138986591	0.0948080692048182	69	1453978194291382200	0.004667	-0.007508	-0.8150897593531095
69	69.0	1.453978278723741e+18	-1.358710323468908	-0.7790550285453642	14.673537129570583	0.5125114148462193	0.2912356239537764	0.0991157950617134	70	1453978194391382200	0.024577	-0.001884	-1.5030974797462018
70									71	1453978194491382200	0.041383	-9.6e-05	-1.9009020769055327
71									72	1453978194592382200	0.060836	0.000321	-2.3121138864709243
72									73	1453978194692382200	0.083108	-0.007757	-2.713356230401041
73									74	1453978194792382200	0.098185	-0.003512	-4.52292883476272
74									75	1453978194893382200	0.111996	0.000931	-5.76504403882683
75									76	1453978194993382200	0.119077	-0.000316	-6.687334201648917
76									77	1453978195094382200	0.129195	-0.003669	-7.674597778438836
77									78	1453978195194382200	0.134784	-0.001059	-8.887721318069332
78									79	1453978195294382200	0.144392	-0.003385	-9.196602865424358
79									80	1453978195394382200	0.154131	0.00497	-10.875827571393774
80									81	1453978195495382200	0.160024	-0.004516	-11.882629008997656
81									82	1453978195595382200	0.172599	0.005903	-14.271060873780009
82									83	1453978195695382200	0.179995	-0.004663	-15.063060433989344
83									84	1453978195796382200	0.193625	-0.007357	-16.981437723646366
84									85	1453978195896382200	0.201196	-0.009546	-18.94794346809438
85									86	1453978195996382200	0.215576	-0.017579	-19.8590036581319
86									87	1453978196096382200	0.231588	-0.016008	-23.454600301475377
87									88	1453978196197382200	0.239402	-0.0262	-26.123437711194757
88									89	1453978196297382200	0.254503	-0.028292	-28.39315272082599
89									90	1453978196397382200	0.258543	-0.042904	-29.310630038168984
90									91	1453978196498382200	0.273223	-0.046343	-32.94249490994425
91									92	1453978196598382200	0.288042	-0.039584	-36.13730757559373
92									93	1453978196699382200	0.284401	-0.05225	-37.84546665021725
93									94	1453978196799382200	0.293817	-0.058666	-39.526754004249135
94									95	1453978196899382200	0.298016	-0.064704	-41.45126194231406
95									96	1453978197000382200	0.309894	-0.070725	-43.65371170679693
96									97	1453978197100382200	0.318151	-0.070135	-45.59317384331479
97									98	1453978197201382200	0.309545	-0.086371	-46.49409268037849
98									99	1453978197301382200	0.318005	-0.089898	-48.40914681482375
99									100	1453978197401382200	0.321861	-0.097304	-50.38665334893828
100									101	1453978197502382200	0.326284	-0.102347	-52.221837166742304
101									102	1453978197602382200	0.339248	-0.112788	-55.31706976759804
102									103	1453978197702382200	0.341839	-0.117363	-58.25061367866784
103									104	1453978197803382200	0.349486	-0.128764	-60.66196385525542
104									105	1453978197903382200	0.351733	-0.13724	-62.64823664363546
105									106	1453978198003382200	0.350825	-0.143333	-64.67673642151661
106									107	1453978198104382200	0.357795	-0.154762	-67.01050811264349
107									108	1453978198204382200	0.354386	-0.161381	-69.33906588783465
108									109	1453978198304382200	0.360521	-0.18088	-72.04566121625317
109									110	1453978198405382200	0.363309	-0.183723	-73.57161971202508
110									111	1453978198505382200	0.372955	-0.191028	-75.51675413071472
111									112	1453978198606382200	0.367042	-0.190496	-76.81622241007143
112									113	1453978198706382200	0.370975	-0.200575	-78.00745896192792
113									114	1453978198806382200	0.369254	-0.206839	-80.20102788058627
114									115	1453978198907382200	0.369436	-0.214328	-82.07351125085331
115									116	1453978199007382200	0.370004	-0.221887	-83.99761811846166
116									117	1453978199107382200	0.373155	-0.228196	-85.84976148700156
117									118	1453978199208382200	0.373419	-0.236536	-87.34712938879645
118									119	1453978199308382200	0.371794	-0.245105	-89.61678710264819
119									120	1453978199409382200	0.373829	-0.247233	-91.76457669347558
120									121	1453978199509382200	0.372939	-0.260676	-94.3447202365087
121									122	1453978199609382200	0.382007	-0.257014	-97.02473032323311
122									123	1453978199709382200	0.382583	-0.26816	-99.61100451467416
123									124	1453978199810382200	0.389219	-0.271615	-102.16123966080146
124									125	1453978199910382200	0.38072	-0.279564	-104.2822721225962
125									126	1453978200011382200	0.375322	-0.293301	-106.90727826098812
126									127	1453978200111382200	0.372347	-0.292692	-108.98969336739108
127									128	1453978200211382200	0.360757	-0.308852	-112.61588595699456
128									129	1453978200312382200	0.36687	-0.311088	-116.23972941963798
129									130	1453978200412382200	0.360416	-0.324243	-120.08926095778344
130									131	1453978200512382200	0.363388	-0.338201	-124.35092103796649
131									132	1453978200613382200	0.339165	-0.351882	-127.9344282718327
132									133	1453978200713382200	0.347883	-0.35684	-130.70038202782678
133									134	1453978200814382200	0.34336	-0.36326	-133.87072939562415
134									135	1453978200914382200	0.330165	-0.364959	-137.13034358790293
135									136	1453978201015382200	0.325671	-0.371169	-139.86495655250334
136									137	1453978201115382200	0.319833	-0.371902	-141.26686968562942
137									138	1453978201216382200	0.310715	-0.376659	-142.84067015729477
138									139	1453978201316382200	0.309001	-0.378495	-144.56624714889026
139									140	1453978201417382200	0.308803	-0.373486	-145.92868348993184
140									141	1453978201517382200	0.306642	-0.376379	-147.9755752130367
141									142	1453978201617382200	0.300388	-0.383642	-150.3619444297566
142									143	1453978201718382200	0.301802	-0.381438	-153.16244754079702
143									144	1453978201818382200	0.284549	-0.380877	-156.22570909668443
144									145	1453978201918382200	0.269891	-0.382584	-159.88708129490894
145									146	1453978202018382200	0.265456	-0.383304	-163.331875446574
146									147	1453978202119382200	0.252999	-0.384239	-166.2810611054509
147									148	1453978202219382200	0.242605	-0.386932	-170.1759709009707
148									149	1453978202320382200	0.226086	-0.391721	-173.58123096477175
149									150	1453978202420382200	0.220955	-0.390638	-175.81324535148337
150									151	1453978202521382200	0.209007	-0.391045	-177.39288999265904
151									152	1453978202621382200	0.204282	-0.390647	-179.28754682959763
152									153	1453978202722382200	0.201145	-0.390355	178.6964262723612
153									154	1453978202822382200	0.193477	-0.389143	176.80285805523334
154									155	1453978202923382200	0.182608	-0.390283	175.10581436183534
155									156	1453978203023382200	0.16679	-0.393855	172.53501003086285
156									157	1453978203123382200	0.14707	-0.391465	169.2403881173016
157									158	1453978203223382200	0.134243	-0.388202	166.4041897356245
158									159	1453978203324382200	0.119248	-0.385658	164.53869645045805
159									160	1453978203425382200	0.104104	-0.385027	163.83733881343838
160									161	1453978203525382200	0.08526	-0.377019	163.05576708510048
161									162	1453978203626382200	0.075377	-0.37436	162.26966899018095
162									163	1453978203726382200	0.057359	-0.366675	162.06546683199636
163									164	1453978203827382200	0.028692	-0.357394	160.74898170612423
164									165	1453978203927382200	0.010181	-0.351083	160.21819360471503
165									166	1453978204027382200	-0.011589	-0.349829	159.1989016871773
166									167	1453978204128382200	-0.032505	-0.339073	159.35841313734173
167									168	1453978204228382200	-0.053516	-0.335654	158.7511924660621
168									169	1453978204329382200	-0.067264	-0.329593	158.02387984092303
169									170	1453978204429382200	-0.078168	-0.321312	157.27101329812112
170									171	1453978204530382200	-0.092937	-0.313826	156.96791862449692
171									172	1453978204630382200	-0.111508	-0.311572	157.36537944697918
172									173	1453978204731382200	-0.130073	-0.301298	157.5240887562304
173									174	1453978204831382200	-0.145983	-0.292873	158.0328752783066
174									175	1453978204932382200	-0.169015	-0.288093	159.15249210577173
175									176	1453978205032382200	-0.187872	-0.279134	160.33272786796172
176									177	1453978205132382200	-0.213343	-0.269745	161.6611305159725
177									178	1453978205233382200	-0.237878	-0.260199	163.17883841949455
178									179	1453978205333382200	-0.266174	-0.254238	165.12637926092373
179									180	1453978205434382200	-0.28814	-0.244622	166.9701574456547
180									181	1453978205534382200	-0.317952	-0.232987	168.82585315252445
181									182	1453978205635382200	-0.353273	-0.228488	170.9148572735714
182									183	1453978205735382200	-0.391006	-0.229004	172.71807004640715
183									184	1453978205835382200	-0.407503	-0.220514	174.2340017807643
184									185	1453978205936382200	-0.434678	-0.219264	175.66398984585177
185									186	1453978206036382200	-0.463936	-0.220397	177.04138038534626
186									187	1453978206136382200	-0.478425	-0.215747	178.40817120563088
187									188	1453978206236382200	-0.507875	-0.216765	179.521199018452
188									189	1453978206337382200	-0.526972	-0.216608	-179.14018208469
189									190	1453978206437382200	-0.552857	-0.219272	-177.84627149594607
190									191	1453978206538382200	-0.574897	-0.224172	-176.5666848520804
191									192	1453978206638382200	-0.594789	-0.226074	-175.5072858888835
192									193	1453978206738382200	-0.619251	-0.225593	-174.0426338771906
193									194	1453978206839382200	-0.638241	-0.227149	-172.798570616623
194									195	1453978206939382200	-0.66193	-0.230823	-171.6623380130991
195									196	1453978207040382200	-0.6876	-0.234007	-170.3092408841181
196									197	1453978207140382200	-0.714467	-0.239435	-169.12201503682755
197									198	1453978207240382200	-0.74416	-0.23356	-167.52460870400284
198									199	1453978207341382200	-0.770677	-0.239527	-166.09095370902648
199									200	1453978207441382200	-0.801561	-0.240202	-164.63014051456094
200									201	1453978207541382200	-0.827717	-0.248823	-163.6962193084977
201									202	1453978207642382200	-0.859005	-0.25242	-162.4480307518052
202									203	1453978207742382200	-0.880818	-0.260919	-161.25392941097303
203									204	1453978207842382200	-0.906767	-0.268645	-160.51584517928552
204									205	1453978207943382200	-0.934188	-0.279837	-160.04177989959427
205									206	1453978208043382200	-0.958159	-0.286769	-159.18933329199865
206									207	1453978208143382200	-0.986135	-0.293064	-159.17042568475932
207									208	1453978208244382200	-1.011694	-0.308486	-159.81076331659753
208									209	1453978208344382200	-1.033558	-0.323085	-160.36040172946653
209									210	1453978208444382200	-1.05686	-0.336585	-161.0053230236658
210									211	1453978208545382200	-1.088464	-0.349525	-161.45635539999276
211									212	1453978208645382200	-1.112353	-0.36175	-162.18177726440788
212									213	1453978208746382200	-1.139556	-0.362026	-162.7331345506623
213									214	1453978208846382200	-1.167034	-0.381179	-163.73094055088265
214									215	1453978208946382200	-1.190876	-0.384017	-163.97484868426983
215									216	1453978209047382200	-1.215913	-0.391662	-164.79583990891277
216									217	1453978209147382200	-1.236953	-0.402743	-165.30806417775972
217									218	1453978209247382200	-1.265404	-0.393764	-165.50189579985246
218									219	1453978209348382200	-1.292892	-0.401589	-166.02036530866636
219									220	1453978209448382200	-1.315199	-0.414231	-166.31245919262406
220									221	1453978209548382200	-1.333178	-0.418146	-166.66012998270944
221									222	1453978209649382200	-1.363226	-0.420661	-167.0386831979524
222									223	1453978209749382200	-1.388385	-0.426793	-167.55016262166566
223									224	1453978209849382200	-1.411307	-0.437494	-168.2869290504244
224									225	1453978209950382200	-1.444097	-0.45043	-168.99350060337972
225									226	1453978210050382200	-1.479464	-0.447345	-169.93177628868597
226									227	1453978210150382200	-1.51034	-0.451846	-170.71042593226872
227									228	1453978210251382200	-1.539713	-0.46191	-171.3480133666903
228									229	1453978210351382200	-1.565037	-0.47017	-172.15170126592034
229									230	1453978210452382200	-1.589089	-0.472265	-172.96948392691053
230									231	1453978210552382200	-1.616789	-0.476439	-173.48932853443276
231									232	1453978210653382200	-1.64225	-0.481175	-174.41809312033982
232									233	1453978210753382200	-1.6682	-0.489641	-175.29105161700113
233									234	1453978210853382200	-1.694559	-0.492867	-176.06167985145208
234									235	1453978210954382200	-1.72371	-0.504739	-177.35049111581938
235									236	1453978211054382200	-1.748431	-0.502833	-178.1631171566534
236									237	1453978211154382200	-1.773941	-0.506398	-179.09612163024445
237									238	1453978211255382200	-1.803035	-0.512394	179.77943109671745
238									239	1453978211355382200	-1.829556	-0.518561	178.81806521226744
239									240	1453978211456382200	-1.851604	-0.519552	177.87085138535718
240									241	1453978211556382200	-1.879957	-0.516927	176.78584120871793
241									242	1453978211657382200	-1.901343	-0.523745	175.87231730016137
242									243	1453978211757382200	-1.925481	-0.513126	174.51612619908673
243									244	1453978211857382200	-1.948028	-0.502856	173.21768924376124
244									245	1453978211958382200	-1.971881	-0.500822	172.0437560173177
245									246	1453978212058382200	-1.997197	-0.485247	170.66516226645342
246									247	1453978212159382200	-2.02844	-0.478456	169.05904697514268
247									248	1453978212259382200	-2.055127	-0.471604	167.31364564383566
248									249	1453978212359382200	-2.08394	-0.467041	165.6768198147059
249									250	1453978212460382200	-2.109637	-0.491564	164.06932942468688
250									251	1453978212560382200	-2.138637	-0.461551	162.20263292815068
251									252	1453978212660382200	-2.167835	-0.450552	160.3406346855345
252									253	1453978212761382200	-2.188481	-0.459128	158.61522958127756
253									254	1453978212861382200	-2.217915	-0.433941	157.0747752532888
254									255	1453978212962382200	-2.247242	-0.423182	155.3525787126846
255									256	1453978213062382200	-2.273709	-0.409362	153.58792599946116
256									257	1453978213162382200	-2.300909	-0.406769	151.8182885534201
257									258	1453978213263382200	-2.328317	-0.38906	150.04337989566383
258									259	1453978213363382200	-2.356941	-0.368683	148.30714588907892
259									260	1453978213463382200	-2.381823	-0.355058	146.40979615050318
260									261	1453978213564382200	-2.407844	-0.343399	144.6916103144649
261									262	1453978213664382200	-2.428844	-0.328006	142.80165173144636
262									263	1453978213765382200	-2.456944	-0.310575	140.94503929210444
263									264	1453978213865382200	-2.47801	-0.298683	139.04184538401836
264									265	1453978213965382200	-2.502083	-0.273868	137.57014599144532
265									266	1453978214066382200	-2.519571	-0.25076	136.471499419282
266									267	1453978214166382200	-2.539057	-0.241111	134.58818714668698
267									268	1453978214267382200	-2.552515	-0.222142	133.2331992569821
268									269	1453978214367382200	-2.570467	-0.208825	132.12057251461758
269									270	1453978214468382200	-2.584515	-0.197029	130.76231876548042
270									271	1453978214568382200	-2.596986	-0.186239	129.3367424754154
271									272	1453978214669382200	-2.609125	-0.170922	128.20188497059982
272									273	1453978214769382200	-2.619399	-0.148651	127.38920163398625
273									274	1453978214869382200	-2.628402	-0.134628	126.48868386737912
274									275	1453978214970382200	-2.64221	-0.122952	125.49993060032185
275									276	1453978215070382200	-2.65147	-0.119116	123.87931947679432
276									277	1453978215170382200	-2.661292	-0.10033	122.9613264974357
277									278	1453978215271382200	-2.672282	-0.084412	121.56605967473314
278									279	1453978215371382200	-2.684665	-0.065748	119.8316018373131
279									280	1453978215471382200	-2.698865	-0.039308	118.3740545022798
280									281	1453978215572382200	-2.707963	-0.021824	116.4981906810215
281									282	1453978215672382200	-2.717598	-0.004644	114.75502388511546
282									283	1453978215772382200	-2.727882	0.01341	112.90861009452688
283									284	1453978215873382200	-2.738018	0.038738	111.15289552290751
284									285	1453978215973382200	-2.747627	0.051426	109.41373943156738
285									286	1453978216073382200	-2.766399	0.074542	107.28623254668764
286									287	1453978216174382200	-2.768214	0.10215	105.4588409548974
287									288	1453978216274382200	-2.774069	0.115807	103.98926150616634
288									289	1453978216375382200	-2.774224	0.141477	102.28654553059654
289									290	1453978216475382200	-2.784509	0.169704	100.11807216336491
290									291	1453978216575382200	-2.792236	0.197083	97.9387125980258
291									292	1453978216676382200	-2.801931	0.218603	95.8144142767988
292									293	1453978216776382200	-2.806594	0.237931	94.14447148711048
293									294	1453978216877382200	-2.810688	0.263807	92.02223581394593
294									295	1453978216977382200	-2.812953	0.284446	90.1179532860491
295									296	1453978217077382200	-2.814905	0.312381	88.16336506373979
296									297	1453978217177382200	-2.800812	0.333588	86.47525951194585
297									298	1453978217278382200	-2.803426	0.367403	83.84108604883191
298									299	1453978217378382200	-2.798183	0.393047	81.55825030569217
299									300	1453978217478382200	-2.790444	0.418698	79.35299304801313
300									301	1453978217579382200	-2.793025	0.446974	76.93155881423127
301									302	1453978217679382200	-2.776554	0.465565	75.0423450763464
302									303	1453978217779382200	-2.776571	0.493932	72.47050942134267
303									304	1453978217880382200	-2.7658	0.508253	70.48566902745048
304									305	1453978217980382200	-2.754961	0.52851	68.76542054334968
305									306	1453978218081382200	-2.756739	0.550276	66.48573606808317
306									307	1453978218181382200	-2.743812	0.568791	64.32178906743309
307									308	1453978218282382200	-2.722563	0.583329	62.11005738666908
308									309	1453978218382382200	-2.711296	0.619727	59.90743573484764
309									310	1453978218483382200	-2.688975	0.642884	57.57927903011305
310									311	1453978218583382200	-2.667484	0.656921	54.882996942006926
311									312	1453978218683382200	-2.654906	0.68509	52.03757393982822
312									313	1453978218784382200	-2.630451	0.700567	49.66489841441198
313									314	1453978218884382200	-2.612549	0.718138	47.35198238702787
314									315	1453978218985382200	-2.595864	0.738687	44.87393992308705
315									316	1453978219085382200	-2.578391	0.748421	42.46390754942828
316									317	1453978219186382200	-2.560545	0.761044	40.86386561074594
317									318	1453978219286382200	-2.542778	0.767858	39.05807452783212
318									319	1453978219386382200	-2.533652	0.779851	36.93635451668317
319									320	1453978219487382200	-2.501165	0.790918	35.22504417418643
320									321	1453978219587382200	-2.487485	0.80868	32.667475168281456
321									322	1453978219687382200	-2.452675	0.819289	31.16838839310116
322									323	1453978219788382200	-2.425927	0.835975	29.18480850635825
323									324	1453978219888382200	-2.406501	0.850826	27.41305111647522
324									325	1453978219989382200	-2.383543	0.857617	26.519523434968704
325									326	1453978220090382200	-2.372581	0.867577	26.499985574154728
326									327	1453978220190382200	-2.358035	0.875714	27.25892546958503
327									328	1453978220291382200	-2.351613	0.882617	28.174397434645048
328									329	1453978220391382200	-2.327545	0.89734	29.324667504149694
329									330	1453978220492382200	-2.307582	0.912028	29.869550367319107
330									331	1453978220592382200	-2.287155	0.920449	31.026180268349705
331									332	1453978220693382200	-2.270316	0.933009	31.594153330662884
332									333	1453978220793382200	-2.246859	0.949756	32.97257519418862
333									334	1453978220893382200	-2.225338	0.964887	34.38417131405243
334									335	1453978220994382200	-2.217255	0.969491	35.180353466166224
335									336	1453978221094382200	-2.198992	0.990297	35.78625633451706
336									337	1453978221195382200	-2.172903	1.003393	36.58100609214304
337									338	1453978221295382200	-2.158753	1.021039	36.38448156841316
338									339	1453978221395382200	-2.134639	1.035523	35.511064705515736
339									340	1453978221495382200	-2.114727	1.048126	34.883160257831854
340									341	1453978221595382200	-2.101005	1.061732	33.50777507062032
341									342	1453978221696382200	-2.07421	1.076717	31.994937308356903
342									343	1453978221796382200	-2.056337	1.099682	30.004653815410947
343									344	1453978221897382200	-2.024799	1.113899	27.98514947491334
344									345	1453978221997382200	-2.002105	1.136424	25.011326630845826
345									346	1453978222097382200	-1.966232	1.152289	22.927364538396
346									347	1453978222198382200	-1.945205	1.151137	21.37957635062959
347									348	1453978222298382200	-1.923839	1.156653	19.51929698139883
348									349	1453978222399382200	-1.902409	1.150631	17.88207008181251
349									350	1453978222499382200	-1.872371	1.1548	16.55131830684165
350									351	1453978222600382200	-1.853008	1.169609	15.237182307929602
351									352	1453978222700382200	-1.82011	1.173779	13.983493356403846
352									353	1453978222800382200	-1.79406	1.176005	13.078162744317636
353									354	1453978222901382200	-1.773639	1.177786	11.336313751340418
354									355	1453978223001382200	-1.75219	1.184691	10.052544515570297
355									356	1453978223102382200	-1.731968	1.188127	9.480159678234603
356									357	1453978223202382200	-1.708414	1.181997	8.904508981466666
357									358	1453978223303382200	-1.687408	1.18524	8.261994110006958
358									359	1453978223403382200	-1.6589	1.188075	7.975286029323495
359									360	1453978223503382200	-1.646183	1.192956	7.47240097253717
360									361	1453978223604382200	-1.61072	1.187625	7.548088697273953
361									362	1453978223704382200	-1.600911	1.196911	6.9425868993797
362									363	1453978223805382200	-1.585158	1.199027	6.442795814687082
363									364	1453978223905382200	-1.547465	1.202938	6.226561542804709
364									365	1453978224005382200	-1.525717	1.215495	5.016474679488411
365									366	1453978224106382200	-1.500841	1.211508	4.171132748552393
366									367	1453978224206382200	-1.48573	1.209068	3.893019034795892
367									368	1453978224307382200	-1.466393	1.213063	2.942711235791908
368									369	1453978224407382200	-1.446495	1.208734	2.4621142372361744
369									370	1453978224507382200	-1.427348	1.237032	0.7690239526245911
370									371	1453978224608382200	-1.40906	1.223858	1.0568206531188036
371									372	1453978224708382200	-1.38052	1.226962	0.6148983057343996
372									373	1453978224809382200	-1.361285	1.22813	-0.2489501619843427
373									374	1453978224909382200	-1.334408	1.229478	-0.7205517231565234
374									375	1453978225009382200	-1.315529	1.231058	-1.3278869859951965
375									376	1453978225110382200	-1.287948	1.228469	-1.4526771937746892
376									377	1453978225210382200	-1.282211	1.221124	-1.4560003489864486
377									378	1453978225311382200	-1.247861	1.222869	-1.784190574037384
378									379	1453978225411382200	-1.213266	1.225922	-2.170593311073611
379									380	1453978225512382200	-1.19076	1.224929	-1.8605085523488096
380									381	1453978225612382200	-1.183331	1.218694	-1.615912869607461
381									382	1453978225713382200	-1.158752	1.221183	-1.5478454835459192
382									383	1453978225813382200	-1.123972	1.221901	-0.3513950157537339
383									384	1453978225913382200	-1.097645	1.226034	0.3040687018759279
384									385	1453978226014382200	-1.087194	1.224397	1.1254037011959632
385									386	1453978226114382200	-1.068437	1.225769	1.9808869851057955
386									387	1453978226214382200	-1.048148	1.225366	3.015877946230115
387									388	1453978226315382200	-1.026369	1.228264	4.061411330784841
388									389	1453978226415382200	-1.015102	1.226638	5.231792218898574
389									390	1453978226515382200	-0.998464	1.228249	6.122684294547492
390									391	1453978226616382200	-0.975518	1.231755	7.024634455642433
391									392	1453978226716382200	-0.956045	1.231482	8.03332665397025
392									393	1453978226817382200	-0.937641	1.234624	9.006552764779464
393									394	1453978226917382200	-0.925837	1.237407	9.657891186284182
394									395	1453978227017382200	-0.912518	1.242606	10.115340689916632
395									396	1453978227118382200	-0.892542	1.243645	10.8562324148003
396									397	1453978227218382200	-0.882175	1.247364	11.399510996143349
397									398	1453978227318382200	-0.872939	1.247906	11.96983318541657
398									399	1453978227419382200	-0.877945	1.245207	12.623119663424736
399									400	1453978227519382200	-0.875006	1.238801	13.585746055024028
400									401	1453978227620382200	-0.848698	1.252018	13.79287029796382
401									402	1453978227720382200	-0.824156	1.258033	14.56791030743729
402									403	1453978227821382200	-0.827106	1.258016	15.356873191332433
403									404	1453978227921382200	-0.800208	1.263862	15.818619878428365
404									405	1453978228021382200	-0.802845	1.266306	15.90370411100529
405									406	1453978228121382200	-0.798015	1.261529	16.52398822001392
406									407	1453978228222382200	-0.796924	1.263087	16.51373227548108
407									408	1453978228322382200	-0.798012	1.264883	16.372727362099383
408									409	1453978228423382200	-0.795557	1.266563	16.215736926233532
409									410	1453978228523382200	-0.79484	1.267592	16.17167647178797
410									411	1453978228623382200	-0.79484	1.267592	16.17167647178797
411									412	1453978228724382200	-0.793272	1.266937	16.436955930933546
412									413	1453978228824382200	-0.788665	1.268084	16.780214945996423
413									414	1453978228925382200	-0.783656	1.266807	16.913255746025794
414									415	1453978229025382200	-0.774213	1.269029	17.295590482716598
415									416	1453978229125382200	-0.781036	1.267701	17.452752805920984
416									417	1453978229226382200	-0.786743	1.264728	18.46958100493966
417									418	1453978229326382200	-0.784401	1.267779	20.81062926006468
418									419	1453978229427382200	-0.767218	1.272397	24.296962851876724
419									420	1453978229528382200	-0.762366	1.276102	28.07791134194502
420									421	1453978229628382200	-0.750053	1.280893	32.33590449223925
421									422	1453978229729382200	-0.73722	1.28943	36.74177804945674
422									423	1453978229829382200	-0.746658	1.288283	41.02996607555436
423									424	1453978229929382200	-0.738344	1.291782	45.314200692865576
424									425	1453978230030382200	-0.740079	1.29525	49.09566484494951
425									426	1453978230130382200	-0.731996	1.301114	52.55867905449971
426									427	1453978230230382200	-0.717291	1.304592	56.04908064665716
427									428	1453978230331382200	-0.726408	1.302175	59.80860051518758
428									429	1453978230431382200	-0.723073	1.303094	63.13146924804878
429									430	1453978230532382200	-0.713325	1.309802	65.85708677526564
430									431	1453978230632382200	-0.719965	1.310342	68.87244905948012
431									432	1453978230732382200	-0.721814	1.311793	71.30425382935387
432									433	1453978230833382200	-0.715461	1.316437	73.5391330050412
433									434	1453978230933382200	-0.699141	1.321748	76.25363515103248
434									435	1453978231033382200	-0.703032	1.323774	80.11382370416736
435									436	1453978231134382200	-0.697113	1.335232	84.09324477446897
436									437	1453978231235382200	-0.70549	1.32788	89.60767707370559
437									438	1453978231335382200	-0.698307	1.326887	96.02016342103023
438									439	1453978231436382200	-0.701441	1.312608	103.06181472318806
439									440	1453978231536382200	-0.706105	1.306027	108.55155254145454
440									441	1453978231636382200	-0.71375	1.30738	111.50910338414036
441									442	1453978231736382200	-0.715387	1.302025	114.70408793712834
442									443	1453978231837382200	-0.71883	1.288867	118.49649558309927
443									444	1453978231937382200	-0.711401	1.298473	121.7975919197455
444									445	1453978232037382200	-0.711174	1.302876	125.8670246596622
445									446	1453978232138382200	-0.702141	1.312665	129.9796584173317
446									447	1453978232239382200	-0.715069	1.306459	135.2010228043589
447									448	1453978232339382200	-0.715446	1.322808	139.67387512782716
448									449	1453978232439382200	-0.72057	1.321107	142.6352074919608
449									450	1453978232540382200	-0.720128	1.335667	145.50349151016528
450									451	1453978232640382200	-0.715751	1.32729	147.69728961194167
451									452	1453978232740382200	-0.708136	1.341236	150.61587932455856
452									453	1453978232841382200	-0.717601	1.342389	154.2774234101216
453									454	1453978232941382200	-0.709294	1.338232	156.50021317633164
454									455	1453978233042382200	-0.716137	1.335521	159.07766381772765
455									456	1453978233142382200	-0.715283	1.333286	161.45011016002582
456									457	1453978233242382200	-0.729512	1.345055	165.4076442425535
457									458	1453978233343382200	-0.734259	1.35058	169.03005531070903
458									459	1453978233443382200	-0.73939	1.352583	173.38304486343597
459									460	1453978233544382200	-0.741504	1.35516	177.714491203066
460									461	1453978233644382200	-0.738343	1.35978	-178.8590316946193
461									462	1453978233744382200	-0.735866	1.358897	-176.4843508169201
462									463	1453978233845382200	-0.736093	1.359954	-175.50848910025329
463									464	1453978233945382200	-0.733133	1.355484	-174.61719595414775
464									465	1453978234045382200	-0.73588	1.361152	-173.0322801012569
465									466	1453978234146382200	-0.732263	1.357447	-171.4114397946113
466									467	1453978234246382200	-0.744427	1.363791	-169.38139303068328
467									468	1453978234346382200	-0.742601	1.362003	-169.75920140079256
468									469	1453978234446382200	-0.739521	1.363523	-169.859640902279
469									470	1453978234547382200	-0.742122	1.361159	-169.820335997533
470									471	1453978234647382200	-0.74145	1.360446	-169.87213138221284
471									472	1453978234747382200	-0.744924	1.359261	-169.87218867799234
472									473	1453978234848382200	-0.738198	1.35923	-169.29751200947615
473									474	1453978234948382200	-0.736611	1.360979	-168.4175634277142
474									475	1453978235049382200	-0.741321	1.358952	-167.7413013421213
475									476	1453978235149382200	-0.76465	1.359155	-166.92741479413797
476									477	1453978235250382200	-0.770438	1.361365	-166.9028922005064
477									478	1453978235350382200	-0.793476	1.353674	-166.73157781976224
478									479	1453978235450382200	-0.813978	1.343936	-166.46154281091708
479									480	1453978235551382200	-0.840282	1.338627	-165.80504776925622
480									481	1453978235651382200	-0.847826	1.329773	-165.4681485857193
481									482	1453978235751382200	-0.861315	1.330127	-165.29465696535368
482									483	1453978235852382200	-0.877519	1.315401	-165.42838531473723
483									484	1453978235952382200	-0.917443	1.311642	-165.2160471558617
484									485	1453978236052382200	-0.938245	1.306068	-165.57867214440003
485									486	1453978236152382200	-0.96458	1.299716	-166.1940288163705
486									487	1453978236253382200	-0.983498	1.29042	-167.62974645940932
487									488	1453978236353382200	-1.005992	1.29554	-168.47858343289565
488									489	1453978236454382200	-1.03307	1.289815	-169.5944187389129
489									490	1453978236554382200	-1.054388	1.277047	-171.3023486304184
490									491	1453978236655382200	-1.066445	1.263504	-173.1873797763988
491									492	1453978236755382200	-1.0916	1.254903	-174.20019727085153
492									493	1453978236856382200	-1.112285	1.266336	-175.24028755635254
493									494	1453978236956382200	-1.134862	1.261039	-176.26422043203087
494									495	1453978237056382200	-1.158381	1.259304	-177.20135020174683
495									496	1453978237157382200	-1.184639	1.259513	-178.6040081800066
496									497	1453978237257382200	-1.202739	1.259352	-179.56050392319798
497									498	1453978237358382200	-1.225611	1.257861	179.42379619327977
498									499	1453978237458382200	-1.247505	1.256451	178.5515825417521
499									500	1453978237559382200	-1.280484	1.249722	177.98504187392678
500									501	1453978237659382200	-1.302645	1.249734	177.27594930667283
501									502	1453978237759382200	-1.326183	1.252228	176.60937020781765
502									503	1453978237860382200	-1.350771	1.257662	176.06672188004924
503									504	1453978237960382200	-1.37975	1.256908	175.65505170424777
504									505	1453978238061382200	-1.411256	1.259563	175.2590805720328
505									506	1453978238161382200	-1.438887	1.260633	174.9183425712685
506									507	1453978238262382200	-1.467753	1.272317	175.07264010549727
507									508	1453978238362382200	-1.491916	1.271028	175.6530463519648
508									509	1453978238463382200	-1.516444	1.279799	176.29584770232205
509									510	1453978238563382200	-1.537737	1.285566	176.8830148507721
510									511	1453978238664382200	-1.561674	1.291828	177.65828404336364
511									512	1453978238764382200	-1.586262	1.28917	178.69361877916504
512									513	1453978238864382200	-1.607471	1.29341	179.68661193390628
513									514	1453978238965382200	-1.632138	1.296496	-179.0298304133478
514									515	1453978239065382200	-1.661216	1.293511	-177.8721118925065
515									516	1453978239165382200	-1.686851	1.29599	-176.69468362351262
516									517	1453978239266382200	-1.712805	1.299566	-175.53782453936398
517									518	1453978239366382200	-1.730077	1.290476	-174.8064439138795
518									519	1453978239467382200	-1.752996	1.28588	-173.83126974656682
519									520	1453978239567382200	-1.775903	1.288691	-172.8361566479836
520									521	1453978239667382200	-1.790152	1.28643	-172.10987534687578
521									522	1453978239768382200	-1.806548	1.28637	-171.355232634909
522									523	1453978239868382200	-1.816404	1.28948	-170.66751139341343
523									524	1453978239968382200	-1.831506	1.284751	-169.89138276412922
524									525	1453978240069382200	-1.851278	1.284975	-168.95688860027087
525									526	1453978240169382200	-1.865695	1.283632	-167.73866573626373
526									527	1453978240270382200	-1.880283	1.276353	-166.61681437339757
527									528	1453978240370382200	-1.898316	1.279745	-165.07498494670048
528									529	1453978240470382200	-1.919722	1.269435	-163.87303408407507
529									530	1453978240571382200	-1.945333	1.272151	-162.0513147744566
530									531	1453978240671382200	-1.961385	1.26924	-159.5120231222163
531									532	1453978240772382200	-1.980946	1.252556	-157.8831041106594
532									533	1453978240872382200	-1.99685	1.243679	-156.14251562483147
533									534	1453978240972382200	-2.008696	1.236934	-154.31936392072518
534									535	1453978241073382200	-2.029667	1.230731	-152.13731145374896
535									536	1453978241173382200	-2.044145	1.221674	-150.0479062622454
536									537	1453978241274382200	-2.062754	1.208527	-148.49301339781937
537									538	1453978241374382200	-2.067747	1.201371	-147.45590249285306
538									539	1453978241474382200	-2.080656	1.184962	-146.86174525930238
539									540	1453978241575382200	-2.094775	1.173165	-146.81963286136028
540									541	1453978241675382200	-2.115395	1.159166	-147.42811403978922
541									542	1453978241775382200	-2.128328	1.146518	-148.21570182497604
542									543	1453978241875382200	-2.151665	1.137796	-149.13340832543707
543									544	1453978241976382200	-2.176501	1.118368	-150.85961557060722
544									545	1453978242076382200	-2.205919	1.107396	-152.71370699565057
545									546	1453978242176382200	-2.225633	1.092585	-155.62123862282144
546									547	1453978242277382200	-2.254192	1.084304	-158.1559466127007
547									548	1453978242377382200	-2.279164	1.076309	-160.92843208755923
548									549	1453978242477382200	-2.306115	1.065064	-163.8666742525491
549									550	1453978242578382200	-2.327028	1.056278	-166.4437238234885
550									551	1453978242678382200	-2.343946	1.047316	-169.27614068371776
551									552	1453978242779382200	-2.365969	1.042729	-171.97259465916244
552									553	1453978242879382200	-2.384283	1.039789	-174.32613339422133
553									554	1453978242979382200	-2.40078	1.045669	-176.44349892612726
554									555	1453978243080382200	-2.413668	1.040123	-178.47245707024456
555									556	1453978243180382200	-2.423073	1.045129	-179.85832738510695
556									557	1453978243281382200	-2.440394	1.039104	178.4206616855647
557									558	1453978243381382200	-2.448672	1.032439	176.67027562144006
558									559	1453978243481382200	-2.461988	1.040954	174.84391535368104
559									560	1453978243582382200	-2.480372	1.040726	172.4782299133654
560									561	1453978243682382200	-2.506232	1.046711	169.69033187381785
561									562	1453978243782382200	-2.527732	1.052484	166.08791703271228
562									563	1453978243882382200	-2.550968	1.064279	162.33005874178778
563									564	1453978243983382200	-2.571671	1.074662	158.52980157402357
564									565	1453978244083382200	-2.589648	1.063595	154.4430082129144
565									566	1453978244183382200	-2.609528	1.0816	150.9599977763141
566									567	1453978244284382200	-2.622481	1.099319	147.56671253043135
567									568	1453978244384382200	-2.641771	1.103338	144.38834375350214
568									569	1453978244485382200	-2.656326	1.112132	141.0736683171113
569									570	1453978244585382200	-2.669921	1.116999	138.0420913272946
570									571	1453978244686382200	-2.685559	1.127616	134.4517085998868
571									572	1453978244786382200	-2.696224	1.131542	131.58176300407652
572									573	1453978244887382200	-2.715018	1.150702	128.65492269920972
573									574	1453978244987382200	-2.74129	1.167172	125.65485838812522
574									575	1453978245088382200	-2.762282	1.193495	124.1114246796018
575									576	1453978245188382200	-2.776795	1.224678	123.16592972607694
576									577	1453978245289382200	-2.790041	1.245936	122.9425334817554
577									578	1453978245389382200	-2.801608	1.268361	121.75576600070094
578									579	1453978245489382200	-2.808757	1.268496	120.4648920882712
579									580	1453978245590382200	-2.812021	1.274767	120.09189656364104
580									581	1453978245690382200	-2.814057	1.270112	119.45849172112396
581									582	1453978245791382200	-2.819624	1.26663	118.67514382362104
582									583	1453978245891382200	-2.833521	1.285654	117.58343004077877
583									584	1453978245991382200	-2.83584	1.289979	117.1176153533374
584									585	1453978246092382200	-2.847114	1.31147	115.64270739711168
585									586	1453978246192382200	-2.8672	1.339291	113.81583146733703
586									587	1453978246292382200	-2.855722	1.314479	113.09602458931418
587									588	1453978246393382200	-2.864371	1.335256	113.01328948369728
588									589	1453978246494382200	-2.868883	1.35277	112.17293228557892
589									590	1453978246594382200	-2.873775	1.347559	110.4722789580716
590									591	1453978246694382200	-2.871529	1.34927	109.89972223339736
591									592	1453978246795382200	-2.879735	1.354447	109.56929747294542
592									593	1453978246895382200	-2.888179	1.359368	108.72372635889134
593									594	1453978246995382200	-2.880048	1.389763	108.87699256908888
594									595	1453978247096382200	-2.875307	1.420694	109.72405337341026
595									596	1453978247196382200	-2.892847	1.437437	108.86467397649352
596									597	1453978247296382200	-2.892708	1.464569	108.94603398340212
597									598	1453978247397382200	-2.89984	1.492078	109.18490008819214
598									599	1453978247497382200	-2.899103	1.514716	109.55331195046126
599									600	1453978247598382200	-2.913652	1.516049	109.44668450478744
600									601	1453978247698382200	-2.918223	1.532205	110.01431379242354
601									602	1453978247799382200	-2.933291	1.528561	109.326592550928
602									603	1453978247899382200	-2.915386	1.573125	112.12004828108832
603									604	1453978248000382200	-2.950617	1.551592	110.17846620072852
604									605	1453978248100382200	-2.949191	1.580624	111.70184638642232
605									606	1453978248200382200	-2.988318	1.572353	109.6107223215334
606									607	1453978248301382200	-2.972394	1.601723	111.66087990407048
607									608	1453978248401382200	-3.00105	1.596736	110.05413435918511
608									609	1453978248501382200	-2.972383	1.617555	112.20232502046912
609									610	1453978248602382200	-2.96662	1.613949	112.28821139395924
610									611	1453978248702382200	-2.964625	1.614732	112.78106968933076
611									612	1453978248803382200	-2.965885	1.610245	112.33828790525364
612									613	1453978248903382200	-2.968805	1.607058	112.1563738052996
613									614	1453978249003382200	-3.0031	1.594989	109.95707530868997
614									615	1453978249104382200	-2.976422	1.605272	111.81901625552662
615									616	1453978249204382200	-3.003106	1.595797	110.3114497049784
616									617	1453978249304382200	-2.968041	1.612486	113.0640535443459
617									618	1453978249405382200	-2.961708	1.626466	114.0890177440554
618									619	1453978249505382200	-2.98289	1.614813	113.59690429381754
619									620	1453978249606382200	-2.974223	1.642469	115.54862772715116
620									621	1453978249706382200	-2.980206	1.652093	116.79412338220656
621									622	1453978249807382200	-3.025509	1.639572	115.5075466532403
622									623	1453978249907382200	-2.996233	1.669419	119.59915285982856
623									624	1453978250007382200	-2.998268	1.678501	121.14980583657062
624									625	1453978250108382200	-3.002482	1.683429	122.45741011661816
625									626	1453978250208382200	-2.992035	1.716996	126.3821710132643
626									627	1453978250309382200	-2.999601	1.722354	128.43674037082394
627									628	1453978250409382200	-3.044773	1.687419	127.29781486566289
628									629	1453978250509382200	-3.034785	1.70943	132.20594322609205
629									630	1453978250610382200	-3.030909	1.736295	137.573010780421
630									631	1453978250711382200	-3.03489	1.765938	142.46234612516986
631									632	1453978250811382200	-3.046193	1.778773	146.15408508653633
632									633	1453978250911382200	-3.048123	1.786655	149.3218541442556
633									634	1453978251011382200	-3.070245	1.780327	151.0021674700358
634									635	1453978251112382200	-3.064083	1.803247	155.45742998919354
635									636	1453978251212382200	-3.079103	1.810508	157.80896337196947
636									637	1453978251312382200	-3.078955	1.82621	160.89531512700066
637									638	1453978251413382200	-3.084787	1.831606	163.26650096214956
638									639	1453978251513382200	-3.095085	1.830291	165.01723080095132
639									640	1453978251613382200	-3.109233	1.82563	166.7405159613663
640									641	1453978251714382200	-3.120727	1.817128	168.8166858278024
641									642	1453978251814382200	-3.132014	1.808067	170.92860826065456
642									643	1453978251915382200	-3.147564	1.802181	173.2482851900212
643									644	1453978252015382200	-3.17403	1.793035	174.6817110018795
644									645	1453978252115382200	-3.192512	1.791185	176.9252418402733
645									646	1453978252216382200	-3.204708	1.792877	179.23873082545248
646									647	1453978252316382200	-3.21064	1.795904	-178.19044724348117
647									648	1453978252416382200	-3.221928	1.795856	-176.2336817815504
648									649	1453978252517382200	-3.235505	1.796153	-175.18803380543665
649									650	1453978252617382200	-3.249852	1.793254	-174.28722955993194
650									651	1453978252717382200	-3.254494	1.800465	-172.9678796450842
651									652	1453978252818382200	-3.274034	1.792577	-173.09599300807545
652									653	1453978252918382200	-3.280459	1.795386	-171.35895686057734
653									654	1453978253018382200	-3.292069	1.790916	-170.24930949874746
654									655	1453978253119382200	-3.302966	1.791873	-169.31957088458867
655									656	1453978253219382200	-3.316981	1.788703	-168.2112413256876
656									657	1453978253319382200	-3.333277	1.78611	-167.09294230115125
657									658	1453978253420382200	-3.351209	1.779815	-166.66975567366762
658									659	1453978253520382200	-3.36201	1.781174	-165.1773725046904
659									660	1453978253620382200	-3.391778	1.766165	-165.93419245627868
660									661	1453978253721382200	-3.403557	1.764616	-164.77945331597203
661									662	1453978253821382200	-3.416843	1.761823	-164.31833688245072
662									663	1453978253921382200	-3.441568	1.750193	-164.86344892873822
663									664	1453978254022382200	-3.459225	1.747744	-163.7942523872446
664									665	1453978254122382200	-3.4776	1.742075	-163.56300662112977
665									666	1453978254222382200	-3.495486	1.745853	-162.75971979235635
666									667	1453978254323382200	-3.511407	1.729158	-162.76986114533017
667									668	1453978254423382200	-3.532374	1.724632	-162.1047144409628
668									669	1453978254523382200	-3.549009	1.729948	-160.93215631322758
669									670	1453978254624382200	-3.573382	1.721238	-160.20364047671873
670									671	1453978254724382200	-3.589835	1.71289	-159.86519430713494
671									672	1453978254824382200	-3.607269	1.707677	-159.51351281248367
672									673	1453978254925382200	-3.630228	1.700888	-159.10803058086958
673									674	1453978255025382200	-3.646177	1.689904	-158.93551298875568
674									675	1453978255125382200	-3.668137	1.684282	-158.70541313823114
675									676	1453978255226382200	-3.682544	1.678818	-158.61494310237998
676									677	1453978255326382200	-3.700832	1.672091	-158.70489747621554
677									678	1453978255426382200	-3.710013	1.668937	-158.33499592367906
678									679	1453978255527382200	-3.734025	1.67515	-155.60553957923483
679									680	1453978255627382200	-3.748039	1.675073	-155.00737164111823
680									681	1453978255728382200	-3.76381	1.67082	-154.53038427667187
681									682	1453978255828382200	-3.774294	1.66835	-154.50219475315143
682									683	1453978255928382200	-3.788925	1.658313	-154.6059001140701
683									684	1453978256029382200	-3.799038	1.657947	-154.12822520026953
684									685	1453978256129382200	-3.804595	1.651353	-154.62131267875912
685									686	1453978256229382200	-3.80773	1.649301	-154.66290941468563
686									687	1453978256330382200	-3.810605	1.643807	-155.17536286665063
687									688	1453978256430382200	-3.808353	1.647261	-154.94721107262953
688									689	1453978256531382200	-3.808888	1.643169	-155.05458336343705
689									690	1453978256631382200	-3.804663	1.645778	-154.80231004624096
690									691	1453978256731382200	-3.805017	1.64907	-154.90767698476552
691									692	1453978256832382200	-3.798067	1.657049	-154.44037260705682
692									693	1453978256932382200	-3.790406	1.656041	-154.72885685690517
693									694	1453978257033382200	-3.780516	1.663033	-154.6716183731716
694									695	1453978257133382200	-3.773135	1.660641	-155.71016167262576
695									696	1453978257233382200	-3.757754	1.669887	-156.31915851307028
696									697	1453978257334382200	-3.743883	1.670965	-156.90552352060718
697									698	1453978257434382200	-3.73824	1.670183	-157.3032135262075
698									699	1453978257534382200	-3.726656	1.66664	-158.31259327388946
699									700	1453978257635382200	-3.711657	1.660588	-160.41878612879037
700									701	1453978257735382200	-3.703976	1.662418	-161.3072717816997
701									702	1453978257835382200	-3.693812	1.664862	-161.1809918836529
702									703	1453978257936382200	-3.689084	1.664066	-162.02874023732846
703									704	1453978258036382200	-3.684399	1.667778	-164.03374874560927
704									705	1453978258136382200	-3.677052	1.664926	-165.98438355913217
705									706	1453978258237382200	-3.665247	1.663382	-167.31158299577322
706									707	1453978258337382200	-3.65251	1.667389	-168.68731195766182
707									708	1453978258437382200	-3.641934	1.660186	-172.80189377183478
708									709	1453978258537382200	-3.621422	1.669195	-175.79399396956697
709									710	1453978258638382200	-3.607548	1.668956	-178.72398554230696
710									711	1453978258738382200	-3.595341	1.67226	179.40941495262197
711									712	1453978258839382200	-3.590462	1.674908	177.54753130156485
712									713	1453978258939382200	-3.581091	1.675855	176.23528606337675
713									714	1453978259040382200	-3.571733	1.677814	175.3560823267485
714									715	1453978259140382200	-3.567837	1.682786	174.5166418611023
715									716	1453978259241382200	-3.555172	1.684869	173.6876292273275
716									717	1453978259341382200	-3.539208	1.677912	173.35445426945893
717									718	1453978259442382200	-3.52721	1.683408	173.0636781884301
718									719	1453978259542382200	-3.509584	1.689387	172.81094650499787
719									720	1453978259642382200	-3.492401	1.690778	171.9693860955097
720									721	1453978259743382200	-3.471993	1.686543	172.0657575966507
721									722	1453978259843382200	-3.447955	1.683066	173.52044014270837
722									723	1453978259944382200	-3.424954	1.66938	175.44615129214304
723									724	1453978260045382200	-3.395162	1.675885	178.63764080258076
724									725	1453978260145382200	-3.362795	1.681558	-179.25465905215717
725									726	1453978260245382200	-3.34216	1.671154	-178.3145499019065
726									727	1453978260345382200	-3.328023	1.677625	-177.95003415264426
727									728	1453978260446382200	-3.306479	1.681228	-177.07461193746386
728									729	1453978260546382200	-3.289848	1.675067	-176.8854212735117
729									730	1453978260646382200	-3.27874	1.648128	-177.9335329681445
730									731	1453978260747382200	-3.271064	1.649458	-178.01792965136727
731									732	1453978260847382200	-3.253718	1.653529	-178.19611952565296
732									733	1453978260947382200	-3.234632	1.65841	-178.49084901546826
733									734	1453978261048382200	-3.214033	1.660403	-179.94094789916485
734									735	1453978261148382200	-3.193486	1.664156	178.03254007514312
735									736	1453978261248382200	-3.172251	1.664184	175.47199168870347
736									737	1453978261348382200	-3.147019	1.66101	173.46291518007723
737									738	1453978261449382200	-3.135642	1.672151	172.63126694044485
738									739	1453978261549382200	-3.122988	1.659425	170.2179114115743
739									740	1453978261650382200	-3.11633	1.664986	169.27671364151286
740									741	1453978261750382200	-3.108688	1.652724	167.1325336847948
741									742	1453978261850382200	-3.096218	1.650517	164.93736048431006
742									743	1453978261950382200	-3.08328	1.644762	162.68093809552587
743									744	1453978262051382200	-3.072058	1.629675	160.15379314854235
744									745	1453978262151382200	-3.056627	1.618902	157.97105313221198
745									746	1453978262251382200	-3.047412	1.612717	155.78212517169416
746									747	1453978262352382200	-3.038322	1.591491	153.32608428708636
747									748	1453978262452382200	-3.014651	1.603393	151.4867178773779
748									749	1453978262552382200	-3.000779	1.592259	149.02580685151153
749									750	1453978262653382200	-2.984737	1.589233	146.96997698680258
750									751	1453978262753382200	-2.976491	1.570797	144.48139209943136
751									752	1453978262853382200	-2.965299	1.56561	142.45959592775324
752									753	1453978262954382200	-2.954232	1.564054	140.98096374585913
753									754	1453978263054382200	-2.950783	1.53654	138.41227935872865
754									755	1453978263155382200	-2.940843	1.52308	136.18456215548048
755									756	1453978263255382200	-2.933551	1.512793	134.4671211645758
756									757	1453978263355382200	-2.919513	1.517257	133.07363051103815
757									758	1453978263456382200	-2.91177	1.502136	130.44982758401608
758									759	1453978263556382200	-2.900295	1.48458	128.3083978247146
759									760	1453978263656382200	-2.888584	1.463111	126.31840081066623
760									761	1453978263757382200	-2.880658	1.456664	124.78081127165316
761									762	1453978263857382200	-2.87478	1.453966	124.52750663042583
762									763	1453978263958382200	-2.872996	1.432049	123.53336756009436
763									764	1453978264058382200	-2.870281	1.418321	122.85681899560385
764									765	1453978264159382200	-2.861424	1.403731	122.25401009934671
765									766	1453978264259382200	-2.853423	1.392121	122.0628713788911
766									767	1453978264359382200	-2.83973	1.370722	122.48319321739903
767									768	1453978264460382200	-2.820374	1.335448	123.29444415952476
768									769	1453978264560382200	-2.805582	1.311761	124.5396533356826
769									770	1453978264661382200	-2.78833	1.27751	125.91383531152437
770									771	1453978264761382200	-2.776908	1.234419	127.07968983305652
771									772	1453978264862382200	-2.750356	1.199578	129.45689172505436
772									773	1453978264962382200	-2.723665	1.173587	132.20794857837498
773									774	1453978265062382200	-2.7029	1.157817	134.3250276313834
774									775	1453978265163382200	-2.681918	1.140524	136.4422785717303
775									776	1453978265263382200	-2.662326	1.133844	138.68953363579243
776									777	1453978265363382200	-2.650149	1.113562	140.51285722723725
777									778	1453978265464382200	-2.636375	1.108576	142.73335516226675
778									779	1453978265564382200	-2.622603	1.109147	144.55186590823246
779									780	1453978265664382200	-2.605872	1.106745	147.05609254341078
780									781	1453978265765382200	-2.588973	1.094088	150.3804509665393
781									782	1453978265865382200	-2.569785	1.085446	154.33145333020244
782									783	1453978265966382200	-2.542866	1.076374	158.85770532017693
783									784	1453978266066382200	-2.522903	1.070717	163.25870873613582
784									785	1453978266167382200	-2.502829	1.06228	167.70686657863396
785									786	1453978266267382200	-2.485613	1.056607	171.90561589291164
786									787	1453978266367382200	-2.455796	1.037344	176.76269371379465
787									788	1453978266468382200	-2.440822	1.049528	-178.5208720039331
788									789	1453978266568382200	-2.426802	1.047405	-174.4693155472245
789									790	1453978266668382200	-2.418176	1.05313	-170.74646497758246
790									791	1453978266769382200	-2.413144	1.059754	-167.76570934419388
791									792	1453978266869382200	-2.405507	1.048231	-166.26816955506044
792									793	1453978266969382200	-2.406185	1.046749	-165.99876479978994
793									794	1453978267069382200	-2.406675	1.044971	-165.7384127776825
794									795	1453978267169382200	-2.407716	1.048753	-165.8487071532452
795									796	1453978267269382200	-2.418929	1.05693	-166.06379550953727
796									797	1453978267370382200	-2.411228	1.033469	-166.8302984478633
797									798	1453978267470382200	-2.415563	1.046228	-166.43318140005815
798									799	1453978267571382200	-2.416557	1.038574	-164.93266223039
799									800	1453978267671382200	-2.419672	1.039871	-162.8138070082167
800									801	1453978267772382200	-2.426551	1.027256	-159.72986167592506
801									802	1453978267872382200	-2.438471	1.033318	-156.69547719291222
802									803	1453978267973382200	-2.446291	1.031719	-154.5270038256806
803									804	1453978268073382200	-2.456485	1.023656	-151.44162609890114
804									805	1453978268174382200	-2.467246	1.014407	-148.05309640271793
805									806	1453978268274382200	-2.488189	1.003913	-145.2706987580036
806									807	1453978268374382200	-2.502436	0.982609	-143.8715358222941
807									808	1453978268474382200	-2.517003	0.976353	-142.8794021042456
808									809	1453978268575382200	-2.531924	0.968857	-141.0010172686887
809									810	1453978268675382200	-2.549531	0.953747	-139.18124601557372
810									811	1453978268775382200	-2.575612	0.938551	-137.4258179228519
811									812	1453978268876382200	-2.590362	0.929772	-136.27864182544096
812									813	1453978268976382200	-2.608438	0.89209	-134.84957049282565
813									814	1453978269076382200	-2.627794	0.878505	-133.09586127348922
814									815	1453978269177382200	-2.650711	0.861777	-131.8146703477972
815									816	1453978269277382200	-2.664044	0.850195	-130.6309395430569
816									817	1453978269377382200	-2.683057	0.826479	-129.6397225574806
817									818	1453978269477382200	-2.699107	0.807846	-128.35623980060802
818									819	1453978269578382200	-2.712343	0.788886	-127.1433454440956
819									820	1453978269678382200	-2.736384	0.761131	-125.47575178136732
820									821	1453978269778382200	-2.770577	0.732322	-123.38256506841589
821									822	1453978269879382200	-2.783527	0.705663	-121.72465439242536
822									823	1453978269979382200	-2.798364	0.679478	-120.28675950976503
823									824	1453978270079382200	-2.801556	0.65174	-118.76160315490628
824									825	1453978270179382200	-2.816159	0.623477	-117.12689726961852
825									826	1453978270280382200	-2.831761	0.598243	-115.68252796387326
826									827	1453978270380382200	-2.847523	0.577149	-114.19719217577612
827									828	1453978270480382200	-2.856094	0.545835	-112.71277312015118
828									829	1453978270581382200	-2.876946	0.519721	-110.80631335263286
829									830	1453978270681382200	-2.878354	0.496511	-110.00743829888197
830									831	1453978270781382200	-2.887373	0.474091	-108.1353559990715
831									832	1453978270882382200	-2.899323	0.46589	-107.25666792445888
832									833	1453978270982382200	-2.911667	0.427397	-105.2618007691519
833									834	1453978271082382200	-2.91632	0.407987	-103.61758378446495
834									835	1453978271183382200	-2.92007	0.392739	-102.22122834195164
835									836	1453978271283382200	-2.928575	0.366807	-100.59855457036164
836									837	1453978271383382200	-2.935505	0.340519	-98.98900153228011
837									838	1453978271483382200	-2.939578	0.325169	-97.37108331038972
838									839	1453978271584382200	-2.938362	0.312222	-96.22619904415927
839									840	1453978271684382200	-2.943242	0.284617	-94.66190967189311
840									841	1453978271784382200	-2.933521	0.275088	-93.46563109143948
841									842	1453978271885382200	-2.933425	0.241808	-91.59194450980269
842									843	1453978271985382200	-2.942028	0.222367	-89.8323338251764
843									844	1453978272085382200	-2.944974	0.189052	-88.2175095753797
844									845	1453978272186382200	-2.939438	0.154056	-86.42472463441534
845									846	1453978272286382200	-2.93716	0.129588	-84.84989283871874
846									847	1453978272386382200	-2.937069	0.096764	-83.578671378662
847									848	1453978272487382200	-2.92563	0.076193	-82.93678676077691
848									849	1453978272587382200	-2.926612	0.049797	-81.62591662129714
849									850	1453978272687382200	-2.910626	0.038083	-80.8422822448967
850									851	1453978272788382200	-2.905574	0.015221	-79.90469410894462
851									852	1453978272888382200	-2.89866	-0.016303	-78.74777772901646
852									853	1453978272988382200	-2.888769	-0.039636	-77.48515063588665
853									854	1453978273089382200	-2.879426	-0.060709	-76.37682107698559
854									855	1453978273189382200	-2.87058	-0.07889	-75.3468148486789
855									856	1453978273289382200	-2.870696	-0.115381	-74.19843553989818
856									857	1453978273390382200	-2.863059	-0.133953	-73.304048421699
857									858	1453978273490382200	-2.854149	-0.160634	-71.86237201759081
858									859	1453978273590382200	-2.846029	-0.189386	-71.23641562641039
859									860	1453978273691382200	-2.833421	-0.199782	-70.34815915661909
860									861	1453978273791382200	-2.823222	-0.222475	-69.05390479319804
861									862	1453978273891382200	-2.822816	-0.238947	-67.9201932039727
862									863	1453978273991382200	-2.811808	-0.261648	-66.85454900080887
863									864	1453978274092382200	-2.802529	-0.281538	-65.56161244031667
864									865	1453978274192382200	-2.794808	-0.304615	-64.13477564310239
865									866	1453978274292382200	-2.780138	-0.319373	-63.66724208227562
866									867	1453978274393382200	-2.769178	-0.331745	-62.5603449178624
867									868	1453978274493382200	-2.770253	-0.360185	-61.03020383018602
868									869	1453978274593382200	-2.762216	-0.373057	-59.74626270707734
869									870	1453978274694382200	-2.752173	-0.384637	-58.23617514223054
870									871	1453978274794382200	-2.741998	-0.406756	-57.33542819250537
871									872	1453978274894382200	-2.727814	-0.429962	-55.85049347486483
872									873	1453978274995382200	-2.721225	-0.439723	-54.196135137204095
873									874	1453978275095382200	-2.695906	-0.457955	-53.13874152629015
874									875	1453978275195382200	-2.688133	-0.477276	-51.67752726136802
875									876	1453978275296382200	-2.676033	-0.503855	-50.19855130479682
876									877	1453978275396382200	-2.663468	-0.517842	-48.98325052554483
877									878	1453978275496382200	-2.652068	-0.53362	-47.41838819548352
878									879	1453978275597382200	-2.632881	-0.556182	-46.13599405842171
879									880	1453978275697382200	-2.616991	-0.572205	-44.87216375392214
880									881	1453978275797382200	-2.603761	-0.584635	-43.07479515059676
881									882	1453978275898382200	-2.580362	-0.597133	-41.63437925363787
882									883	1453978275998382200	-2.569867	-0.605827	-40.29801249227474
883									884	1453978276098382200	-2.547779	-0.635855	-38.8377149598248
884									885	1453978276199382200	-2.536637	-0.649034	-37.66171908531879
885									886	1453978276299382200	-2.528275	-0.661423	-36.71685438536855
886									887	1453978276399382200	-2.508345	-0.683087	-35.20590738382906
887									888	1453978276500382200	-2.489322	-0.688302	-33.7341506954765
888									889	1453978276600382200	-2.478949	-0.704178	-32.54297143939953
889									890	1453978276700382200	-2.455784	-0.701924	-31.283953980379053
890									891	1453978276801382200	-2.445699	-0.716311	-30.170124026644743
891									892	1453978276901382200	-2.426912	-0.729405	-28.74065162357285
892									893	1453978277001382200	-2.409804	-0.738864	-27.765133681583105
893									894	1453978277101382200	-2.390684	-0.751525	-26.421089285765227
894									895	1453978277202382200	-2.368131	-0.75084	-25.38690046555408
895									896	1453978277302382200	-2.35869	-0.770467	-23.65055186741013
896									897	1453978277402382200	-2.333525	-0.768894	-22.594476059424988
897									898	1453978277503382200	-2.315629	-0.781742	-21.02674894038803
898									899	1453978277603382200	-2.300946	-0.78762	-19.43438463616045
899									900	1453978277703382200	-2.276511	-0.796053	-18.006573810694437
900									901	1453978277804382200	-2.25245	-0.79208	-16.671754035378157
901									902	1453978277904382200	-2.238853	-0.803033	-14.842357091304953
902									903	1453978278004382200	-2.216821	-0.798358	-13.092372097636876
903									904	1453978278105382200	-2.193266	-0.80206	-11.786830465651786
904									905	1453978278205382200	-2.159184	-0.814731	-10.178824413617129
905									906	1453978278305382200	-2.153018	-0.825364	-8.200916809046014
906									907	1453978278406382200	-2.117727	-0.833267	-6.274059744021054
907									908	1453978278506382200	-2.095396	-0.841689	-4.546534695922109
908									909	1453978278606382200	-2.075643	-0.837996	-3.371856624344894
909									910	1453978278707382200	-2.054316	-0.837148	-2.219867681454861
910									911	1453978278807382200	-2.035451	-0.834736	-1.0826037538996909
911									912	1453978278907382200	-2.021633	-0.840064	0.6404522233972343
912									913	1453978279008382200	-1.99912	-0.83815	1.933216896550911
913									914	1453978279108382200	-1.981591	-0.836823	3.0379368213426514
914									915	1453978279208382200	-1.95177	-0.830923	4.075334205206521
915									916	1453978279309382200	-1.930929	-0.836733	5.3015211825659945
916									917	1453978279409382200	-1.909036	-0.833723	6.421252601590164
917									918	1453978279509382200	-1.885092	-0.82351	7.517951117250071
918									919	1453978279609382200	-1.868031	-0.819403	7.729372543653346
919									920	1453978279710382200	-1.843738	-0.815828	8.061229698593118
920									921	1453978279810382200	-1.826675	-0.811346	8.525898470444217
921									922	1453978279910382200	-1.80515	-0.809377	8.764191617439124
922									923	1453978280010382200	-1.782445	-0.806496	8.77043685740605
923									924	1453978280111382200	-1.767451	-0.804379	8.271046843170026
924									925	1453978280211382200	-1.744008	-0.797419	8.322613044731797
925									926	1453978280311382200	-1.720788	-0.797516	7.938444843096582
926									927	1453978280411382200	-1.69294	-0.790847	7.638043071109493
927									928	1453978280512382200	-1.670116	-0.79315	7.76650020877782
928									929	1453978280612382200	-1.636597	-0.781056	7.144325339045262
929									930	1453978280713382200	-1.626947	-0.788117	7.354772737196813
930									931	1453978280813382200	-1.600037	-0.781164	7.523566103642354
931									932	1453978280913382200	-1.571762	-0.772323	7.5695746145913585
932									933	1453978281013382200	-1.55723	-0.775771	7.632657267835261
933									934	1453978281114382200	-1.542172	-0.776396	8.014648229848982
934									935	1453978281214382200	-1.507707	-0.755583	7.675457215131535
935									936	1453978281314382200	-1.49609	-0.764512	8.794501084801544
936									937	1453978281415382200	-1.486125	-0.751663	9.05261857150798
937									938	1453978281515382200	-1.463675	-0.754336	9.523303400207952
938									939	1453978281615382200	-1.455807	-0.757465	9.6115389006581
939									940	1453978281715382200	-1.43881	-0.750113	9.995134144498186
940									941	1453978281816382200	-1.427109	-0.752932	10.145879340397109
941									942	1453978281916382200	-1.423751	-0.752796	10.220879515779732
