0.0 0.0
1.01643953671e-20 -4.33680868994e-19
0.000615048126223 0.0025558953035
0.00343228474765 0.00398667109391
0.00487610143748 0.00395359112345
0.00525463194545 0.00388591059056
0.00525463194545 0.00388591059056
0.00525463194545 0.00388591059056
0.00525463194545 0.00388591059056
0.00525489228967 0.0038855585215
0.00537679064197 0.00382204963238
0.0066346032862 0.0035439644799
0.00663405034701 0.00354499943489
0.00663530990782 0.00230495128522
0.00663600339756 0.00230295395255
0.0068964898337 0.000399766148733
0.00689614267312 0.000405710773712
0.0071621617046 -0.000415251390395
0.00716241367541 -0.000410882394769
0.00565788581971 -0.000484827857242
0.00565788581971 -0.000484827857242
0.00565788581971 -0.000484827857242
0.00565788581971 -0.000484827857242
0.00565788581971 -0.000484827857242
0.00565788581971 -0.000484827857242
0.00565788581971 -0.000484827857242
0.00565788581971 -0.000484827857242
0.00565788581971 -0.000484827857242
0.00565788581971 -0.000484827857242
0.00565788581971 -0.000484827857242
0.00565826802884 -0.000480346660084
0.00348876549156 -0.00157758307068
0.00348861718334 -0.00157791100767
0.00356134618102 -0.00145634418285
0.00356134618102 -0.00145634418285
0.00356106795432 -0.00145702437341
0.00368538747737 -0.00124378822218
0.00368538747737 -0.00124378822218
0.00368538747737 -0.00124378822218
0.00368538747737 -0.00124378822218
0.00368538747737 -0.00124378822218
0.00368538747737 -0.00124378822218
0.00368538747737 -0.00124378822218
0.00368538747737 -0.00124378822218
0.00368530040317 -0.00124404619626
0.003764711161 -0.00117854099387
0.003764711161 -0.00117854099387
0.003764711161 -0.00117854099387
0.003764711161 -0.00117854099387
0.003764711161 -0.00117854099387
0.003764711161 -0.00117854099387
0.00376462158101 -0.00117882710851
0.0038201389641 -0.00109717651038
0.0038201389641 -0.00109717651038
0.0038201389641 -0.00109717651038
0.0038201389641 -0.00109717651038
0.0038201389641 -0.00109717651038
0.00382018723617 -0.00109700842321
0.00407450922058 -0.00142241471148
0.00576054027861 -0.00256515432255
0.00516979860688 -0.00449401283535
0.00413588392654 -0.0028218017553
0.00506450572939 -0.00224950810557
0.00575363283038 -0.0011278826416
0.00514298664915 -0.00340021607058
0.00659859544426 -0.00532347519605
0.00494319242101 -0.00443372052445
0.0054097030818 -0.00485250910012
0.00539337927447 -0.00516370341923
0.0063873565923 -0.00509626841549
0.00720276378321 -0.00600934288282
0.00584905336317 -0.00633355530131
0.0046958662656 -0.00539928606536
0.00569116199796 -0.00404545079231
0.00544550667977 -0.0052043329064
0.00699372424037 -0.00566512288036
0.0107573621907 -0.00810125871069
0.0146777763546 -0.0053787620588
0.0215289809535 -0.00741596595891
0.036285600498 -0.00523377937074
0.0489806742651 -0.000664537082606
0.0649040021056 -0.000562437261406
0.0821043051432 -0.00192123240436
0.097151716298 0.00359763441014
0.112969183189 0.000801375483197
0.125779109235 0.0056554037895
0.138497542634 0.00445806698278
0.154305070147 0.00636956253359
0.171082985107 0.00415231102071
0.185651155011 0.00434240635332
0.202792114398 0.00570812428144
0.219713157343 0.0009075502744
0.236230697567 -0.00246998805089
0.251295909596 -0.00528579193369
0.275591019496 -0.00719392958663
0.288955178605 -0.00571339978282
0.30390644912 -0.00229581432476
0.31531246237 -0.00267615004143
0.32548610322 0.00148002817751
0.331311099218 0.00371340096429
0.339736267781 0.00727651388277
0.351650563492 0.0109466829882
0.359808734479 0.0240359258384
0.374453799902 0.0278598834141
0.389163270433 0.0325779642733
0.395471516642 0.0472401319861
0.4069769887 0.057276331458
0.408769165871 0.0666490741518
0.414666422333 0.0812834082851
0.420412168284 0.0940356090339
0.425875886866 0.101638642936
0.433602025869 0.116161862293
0.446302946851 0.130162221006
0.456179188996 0.145450721644
0.467422440076 0.164714200297
0.473108560008 0.180577519875
0.484603614544 0.194071705572
0.485827472984 0.217881017272
0.493129630418 0.234482218364
0.49766689956 0.262584256182
0.503821757507 0.285282488422
0.507096527413 0.311757834273
0.508968794582 0.340377966819
0.507895323449 0.363425128755
0.506972681509 0.387694511271
0.502570060109 0.404261880822
0.503046032188 0.415014035807
0.500742240411 0.427672195652
0.495027701999 0.43640309089
0.485298472456 0.446022589886
0.473327752028 0.467825679639
0.454378134374 0.498125249297
0.434518228172 0.529659776531
0.412357763328 0.564116401622
0.392072038539 0.600002389479
0.370066411701 0.623751147062
0.360829168489 0.640551160039
0.350046657353 0.651583219091
0.329451999343 0.663744256082
0.320215260646 0.677619366042
0.302907999354 0.685031812769
0.276191266597 0.704741262607
0.258546912055 0.716126587338
0.237644696634 0.729618645445
0.199290036467 0.73867793129
0.168010945253 0.755626672798
0.127922641002 0.771087146369
0.0944793998892 0.782012855699
0.0590478242206 0.789422485271
0.0331918405351 0.804722545121
-0.00168626821492 0.803066592683
-0.0320463929574 0.807294280898
-0.0758088664515 0.810709648516
-0.121253322197 0.806310602957
-0.170329050621 0.804566724644
-0.217460357456 0.799673197215
-0.267066950716 0.785221059623
-0.318049548924 0.771279408214
-0.356448953247 0.748496906293
-0.399004395927 0.738816229313
-0.444474794093 0.715257176169
-0.49134735571 0.693840905808
-0.537015683677 0.658992436307
-0.577075889345 0.615593014998
-0.618562247103 0.580114769162
-0.659642737492 0.526169813505
-0.699340022659 0.462073893395
-0.742542551918 0.39635852977
-0.766559204757 0.325215087078
-0.787341791644 0.23911909999
-0.807301274283 0.155379120295
-0.80346497174 0.0653508099301
-0.797799919857 -0.010024200773
-0.787585071103 -0.0706457984551
-0.771324602989 -0.117256817905
-0.75167576288 -0.154288576548
-0.733230828318 -0.187428373448
-0.711628094153 -0.225373095851
-0.692203836728 -0.262077406474
-0.654144299221 -0.30591137009
-0.618718692009 -0.339457805777
-0.57398126349 -0.373358686536
-0.533375897422 -0.397605945251
-0.499992770828 -0.410201253886
-0.46654130233 -0.435439037048
-0.427506221932 -0.453829095624
-0.397442896018 -0.460667894012
-0.371490913378 -0.464499091408
-0.344344074235 -0.472714450006
-0.322266734277 -0.476182320251
-0.285314793411 -0.477306989953
-0.256593200193 -0.477685780859
-0.226420125399 -0.468725739394
-0.195831695062 -0.464620518069
-0.16327080303 -0.456707515203
-0.139905012465 -0.44715990788
-0.112183793203 -0.441872524867
-0.0907508961728 -0.433520522039
-0.0647096807804 -0.421899487963
-0.0405699429188 -0.411558135059
-0.0154080872327 -0.402049882682
-0.00419838081905 -0.391653466589
0.0200165351094 -0.378086076089
0.0448266255919 -0.364124257883
0.0608832269539 -0.347460824124
0.0831678937147 -0.327760952684
0.105016211572 -0.315341792548
0.129317944099 -0.29465182649
0.154711664224 -0.266287350241
0.177861114827 -0.24013857973
0.199549656008 -0.209365444224
0.211518228672 -0.177435396484
0.227248064535 -0.151876142268
0.246330634054 -0.121956878983
0.254969037016 -0.10099309064
0.265493505196 -0.072885984158
0.283769452041 -0.0543434469034
0.287067232111 -0.0379722707229
0.294458169465 -0.0175659139378
0.306053548792 -0.000298430376675
0.31048334775 0.0226324855441
0.324925333696 0.049622597351
0.329783050006 0.0597982283056
0.34745849146 0.0857464476369
0.358730101521 0.109355148537
0.362465805434 0.114828121242
0.375967990905 0.144598634216
0.37550673508 0.152136981733
0.391951712089 0.169403665329
0.402593424518 0.181346052508
0.416709765316 0.205727716335
0.431597339251 0.221725894924
0.443599126262 0.246848014382
0.458057554614 0.264717785035
0.474326825722 0.276869620566
0.496670540937 0.294380283942
0.506969704213 0.3084386178
0.521096481432 0.309491622148
0.549297086558 0.317941465311
0.5701453968 0.348762049784
0.584407541501 0.33196532838
0.621723302143 0.353432972187
0.638887181226 0.35496098506
0.662040423354 0.361627517415
0.68535841245 0.359206031973
0.712340181476 0.354934732348
0.747912422826 0.356434484766
0.777454521786 0.35206826074
0.806948290657 0.338406019615
0.843674221763 0.323499448013
0.878000363867 0.324419865436
0.901255724535 0.296920997843
0.934983136729 0.28041287193
0.9614933139 0.271059911147
0.991871773879 0.264425031296
1.01659696181 0.22048741116
1.04818895701 0.204300726687
1.06344120171 0.185625764128
1.08834939179 0.169709467709
1.10858522522 0.144557392127
1.1290473281 0.132324998966
1.14926938974 0.107213842175
1.17410522484 0.0687971378396
1.20510964045 0.0367458216319
1.22380795135 0.00231657198541
1.24672443537 -0.0367789621977
1.2711683805 -0.0834883146986
1.28689632456 -0.132408520309
1.31382925568 -0.169353006131
1.33420919941 -0.233475037353
1.3525937998 -0.289860372412
1.37112726723 -0.354811629618
1.38694847154 -0.409759204657
1.39232202454 -0.470056072599
1.40181902371 -0.516893818033
1.39983725956 -0.572761309866
1.40654761336 -0.630501424604
1.41071032353 -0.680281733351
1.40808659765 -0.724205090876
1.39236007683 -0.775970169315
1.39447772791 -0.839148752533
1.38714544821 -0.883316812084
1.39192208583 -0.918164403854
1.39217463812 -0.951593105831
1.39191770168 -0.98283995098
1.37589451049 -1.04522602852
1.37594079627 -1.07958523978
1.35939836719 -1.11676561
1.35678061075 -1.16056095348
1.35724717282 -1.18973770232
1.3469098655 -1.22646197358
1.32032759955 -1.2749931458
1.31247850849 -1.31185256308
1.31168191746 -1.34162281221
1.30698983721 -1.36364056438
1.28784592822 -1.40430813956
1.30142728923 -1.4201757878
1.27695140512 -1.45476128623
1.27191834727 -1.48342196315
1.25200195166 -1.51229513136
1.23928999357 -1.54084935596
1.22607001085 -1.58032365326
1.19949103826 -1.62123773844
1.17703582727 -1.66113206695
1.16605830612 -1.6924127559
1.15624601885 -1.71580165316
1.12905366718 -1.74526865033
1.12121062419 -1.76989119746
1.10385629506 -1.79256244123
1.09550508647 -1.81028948403
1.08632846367 -1.82547212989
1.08129385836 -1.83355242876
1.08609676187 -1.85030725906
1.09133307088 -1.86551580072
1.0905455041 -1.8702289088
1.09488973807 -1.8785281682
1.10335886621 -1.89142011046
1.1201894383 -1.89969543935
1.13268354812 -1.90514026499
1.15145458745 -1.9165545756
1.16497656011 -1.91596826109
1.16238094494 -1.92864424118
1.18229742516 -1.93866476985
1.19347213241 -1.94497681129
1.21277095439 -1.94769329305
1.22618588761 -1.9464722396
1.23659940294 -1.95037475045
1.26113289291 -1.95179882726
1.26795326778 -1.94762950976
1.28764006701 -1.95713961365
1.31167428562 -1.95358987974
1.32662332581 -1.96774906411
1.33112974777 -1.98172848156
1.35683947818 -1.97554494534
1.32396314606 -2.02098544939
1.34649403556 -2.02696327624
1.28887386603 -2.07239967592
1.24118591939 -2.12462968651
1.22366764486 -2.15394114624
1.17805583566 -2.18114767515
1.11706192055 -2.21829607063
1.06317687246 -2.25935542682
1.00583824961 -2.28667776861
0.968115190362 -2.3117310478
0.879514885608 -2.34912294417
0.820296432794 -2.37706126381
0.726317687562 -2.41456927608
0.616754868276 -2.45479402913
0.491286801066 -2.49487961413
0.38168222167 -2.53187538024
0.265757593866 -2.55011045659
0.130508783455 -2.55810060045
0.00689205805624 -2.56997113793
-0.147484104184 -2.5697842755
-0.193321876708 -2.57627356899
-0.293588741667 -2.56715963692
-0.320415491045 -2.57074462447
-0.413405326457 -2.55697222857
-0.48687215332 -2.54698628589
-0.612839049179 -2.51690317008
-0.657051881203 -2.49583986861
-0.781567765891 -2.47214013671
-0.905595955219 -2.42877920795
-0.981286852927 -2.41052127925
-1.07245942742 -2.36966545417
-1.19128775759 -2.31605134679
-1.29554218522 -2.26636432247
-1.3746045922 -2.22021479081
-1.44768026453 -2.17884123103
-1.51810383633 -2.12309413258
-1.61022535429 -2.060685272
-1.68722416695 -1.996641759
-1.7677895254 -1.91927670853
-1.87979062918 -1.8098582841
-2.00347737617 -1.67361820716
-2.12394892189 -1.51925957173
-2.21002731201 -1.38429453638
-2.29370981842 -1.23773285087
-2.36957329051 -1.06950755855
-2.42061775607 -0.94381687415
-2.46224935527 -0.816075027919
-2.49631372585 -0.68355030172
-2.52213246851 -0.55929244395
-2.53671294477 -0.486900465829
-2.54763373696 -0.407108133725
-2.55087928845 -0.395131111181
-2.55722877579 -0.365237262346
-2.56231489867 -0.318307341063
-2.57740298776 -0.178469254476
-2.58207277712 0.0383749570635
-2.5891816934 0.168449033134
-2.58269365383 0.238747292486
-2.58462726453 0.292647306289
-2.57717643563 0.394979520239
-2.55656388085 0.498026096335
-2.53214571205 0.601111024091
-2.50390251347 0.723778713615
-2.47224787169 0.837067971384
-2.44013887439 0.925988492306
-2.40860213681 1.01660369755
-2.37150104504 1.10273841969
-2.31770764669 1.2337684627
-2.20860339045 1.40639455291
-2.07811860437 1.57669307548
-1.95115295648 1.72276406685
-1.83510211038 1.84278639738
-1.71835933909 1.95498253634
-1.57527531429 2.05920807885
-1.41239419692 2.16882831997
-1.32366355725 2.21880682523
-1.19791249605 2.29497335013
-1.08690478143 2.34694842172
-0.992078019148 2.38770893834
-0.804383610428 2.44994082576
-0.647280601249 2.49463331993
-0.501047312288 2.52320729525
-0.405730610445 2.54138936599
-0.309000006831 2.55232493855
-0.239755755536 2.55365037207
-0.146441854262 2.54628916672
-0.0864479123285 2.55040540369
-0.00644043886626 2.55667405871
0.0775606186939 2.54071205207
0.146172800776 2.53086337104
0.222920188209 2.52444392497
0.267993410763 2.50993699512
0.327184483093 2.49546566323
0.414169277961 2.4709614478
0.410111782693 2.46371544187
0.414809186115 2.45381519809
0.375695743403 2.45249519264
0.384875696754 2.43300312299
0.365863358639 2.41846155307
0.330342721679 2.41458201016
0.31220389493 2.41083238162
0.333382388329 2.39370635233
0.299692896203 2.37519265889
0.285528437962 2.36752485553
0.259981599794 2.36638185661
0.207555924541 2.35641647748
0.133473778277 2.35518408857
0.0847316967249 2.34596549638
0.0379930187873 2.34241064696
-0.034747296518 2.3248396975
-0.0704285392268 2.3172080366
-0.090119887005 2.30921621361
-0.120582104029 2.29748334219
-0.15827527608 2.28731989644
-0.29304500448 2.26783204075
-0.34030787551 2.25015609306
-0.332501251747 2.24034685342
-0.372217927115 2.23118566084
-0.435327835756 2.20463609883
-0.536421144586 2.16993322318
-0.668530878678 2.11090639472
-0.740973240039 2.0513886097
-0.810617208054 2.00772203899
-0.86026027505 1.96926828584
-0.906548826629 1.93028058301
-0.98230835398 1.88300039059
-1.04936072363 1.82055387853
-1.11709609951 1.7649362404
-1.16338252772 1.71366592067
-1.20765083727 1.65905674682
-1.26569057001 1.59088604918
-1.32215027933 1.52596518282
-1.36942803428 1.45484634694
-1.40887125846 1.38642012415
-1.45134965579 1.32085420109
-1.48845173121 1.24459149743
-1.52617662347 1.16839644368
-1.54619351559 1.09776145377
-1.56931749113 1.02717901518
-1.5940504527 0.947374029888
-1.60388789939 0.889977766398
-1.60707875516 0.830934540963
-1.61510515865 0.744296726787
-1.62263295359 0.657704559139
-1.62635828683 0.571813963234
-1.61903602392 0.49460547942
-1.61095875374 0.413683037019
-1.59977601269 0.334792676523
-1.58294493539 0.262312840547
-1.57037112616 0.196543156799
-1.54438579789 0.132025944346
-1.5217490059 0.0974317625984
-1.49846716202 0.0542450859478
-1.47122553644 -0.000625738076947
-1.44208668769 -0.0662907637959
-1.41047743574 -0.0994495256242
-1.37276125805 -0.150525216395
-1.3375141188 -0.194460834041
-1.30704433504 -0.227022524448
-1.26722666126 -0.258769014884
-1.22960004229 -0.295632946871
-1.18657579468 -0.324357518548
-1.14453550416 -0.351206550296
-1.11838696243 -0.369147533743
-1.08776180793 -0.38916143807
-1.04673861764 -0.407013534412
-1.01328589142 -0.424303947151
-0.980561751857 -0.443019408773
-0.917147773913 -0.471629726277
-0.881182433096 -0.496956866582
-0.833033098811 -0.506917113945
-0.788411031174 -0.503249652026
-0.740696407239 -0.498230549935
-0.712770889406 -0.49649617561
-0.69084576344 -0.491041484212
-0.671850959697 -0.488700078624
-0.648423702392 -0.488378905856
-0.626189585611 -0.486319444533
-0.606129064852 -0.473274984878
-0.582470999899 -0.462931814246
-0.572355383007 -0.443296602226
-0.569779099512 -0.422161596122
-0.549620013646 -0.416002961797
-0.539141088909 -0.403630102341
-0.513428796108 -0.392448898646
-0.499800665725 -0.376462837
-0.494581382025 -0.355826727943
-0.51124526274 -0.333220406989
-0.524768444241 -0.325710849056
-0.517535026619 -0.324815566018
-0.493328513296 -0.312799834199
-0.511581239898 -0.303935913131
-0.523482214388 -0.294584997691
-0.518088007564 -0.274268894358
-0.547120552763 -0.26928709798
-0.548867788606 -0.253564604698
-0.557808496683 -0.248888308873
-0.575538744762 -0.239967209966
-0.596005272463 -0.234084755862
-0.610952715853 -0.230531714463
-0.63270270235 -0.229790527709
-0.647601877539 -0.23024350908
-0.662343258469 -0.225690114869
-0.670565303383 -0.249836447039
-0.699694095355 -0.253727124577
-0.707792695987 -0.252290999825
-0.719755456176 -0.264682344303
-0.743113618545 -0.264140777951
-0.757751690458 -0.288103873979
-0.766482132701 -0.298405064563
-0.790887123117 -0.306872637603
-0.796614222536 -0.320520704278
-0.822290872795 -0.341675143116
-0.848609484462 -0.358824784689
-0.868453958749 -0.38382600716
-0.881530688737 -0.385579144976
-0.901013845095 -0.412655150982
-0.925036001324 -0.436955368494
-0.94457668317 -0.457382534161
-0.95590278401 -0.498654242397
-0.978424713144 -0.517808344613
-1.00275684322 -0.534579010701
-1.01653001818 -0.567079744843
-1.0478153782 -0.579485073369
-1.06529671618 -0.607664405183
-1.10278735868 -0.609707440617
-1.12716054343 -0.619326475211
-1.15132000465 -0.631156033288
-1.17508059267 -0.615891566402
-1.20055148127 -0.635631776927
-1.20812498188 -0.643588543602
-1.23903725944 -0.628924271361
-1.25446519932 -0.631326153409
-1.29788128024 -0.611603778866
-1.33484439522 -0.604452212445
-1.36406723652 -0.601404570792
-1.39994319085 -0.583850656534
-1.42394933439 -0.582290671971
-1.46497667201 -0.544947010986
-1.49610632069 -0.52118159112
-1.53428013043 -0.49779005489
-1.57441467787 -0.460864381561
-1.61481523634 -0.400929216289
-1.66023858618 -0.334312565202
-1.69377351727 -0.297738231223
-1.71480991761 -0.246405012532
-1.76345997512 -0.10900058599
-1.80154752388 -0.0725949271509
-1.82785981063 0.00438585571722
-1.85108704134 0.0939962206161
-1.89058558411 0.17780737225
-1.90033549133 0.253037991414
-1.90823028215 0.333887525283
-1.91562418624 0.415640963836
-1.91428363792 0.504585088003
-1.91007028463 0.611543742096
-1.92456209192 0.691005504637
-1.90086599908 0.781414099081
-1.91133540877 0.843364189029
-1.88975500792 0.926168215781
-1.88903570697 0.999418816146
-1.86108202878 1.08218021482
-1.8410874297 1.13606326266
-1.81811838583 1.20895832363
-1.82742595828 1.28035078377
-1.77148578406 1.35822732704
-1.7715004102 1.43297482865
-1.7167539079 1.51912186808
-1.71961370715 1.57543932019
-1.66326644681 1.64651916061
-1.63723807468 1.70262537369
-1.58133629473 1.77155763948
-1.5412660543 1.84352725963
-1.49362551813 1.89799695791
-1.43195689875 1.96179299861
-1.33927627891 2.0421165283
-1.24155447358 2.12381624972
-1.16014464696 2.19289770629
-1.00345221938 2.28226713461
-0.868933271314 2.35849939083
-0.749397796239 2.41620551932
-0.611622625046 2.46413885613
-0.479415931419 2.50747679563
-0.340136080282 2.5360718572
-0.203375531057 2.55863895241
-0.0966361299134 2.57900342564
0.0245893700434 2.5824339045
0.109837190118 2.59055023403
0.198583452343 2.58720911236
0.296787442825 2.57821505027
0.392690420492 2.56227323422
0.485238301722 2.55994153963
0.549405186611 2.55559805372
0.628195170505 2.53854423629
0.691815867429 2.52277194173
0.734356224754 2.51731196448
0.781170518634 2.50599307214
0.793764650304 2.50124133753
0.836058890892 2.4894113655
0.857995875261 2.48897243896
0.916557647046 2.46804751984
0.930112585183 2.4740341917
0.972236014354 2.45213208527
1.03149471985 2.43062734274
1.0966111644 2.40577636573
1.14723154808 2.40446635691
1.18893945901 2.39024075008
1.24350358878 2.36323776214
1.29268951337 2.34872520766
1.29574173629 2.35280379157
1.33589679424 2.3320323275
1.3877561149 2.31050574675
1.37233210516 2.33320743432
1.40690702453 2.30570345206
1.4349174998 2.29347313559
1.44454477735 2.29951446376
1.44521267607 2.29460440695
1.48218812118 2.27233817426
1.50793759092 2.27353167111
1.52274834981 2.27352253554
1.53474609239 2.27231705448
1.57434261216 2.25319645429
1.55165553507 2.29083711696
1.52992685682 2.29705668679
1.5262293942 2.30655093858
1.51592282933 2.31788481857
1.52909442537 2.31849246345
1.48227114171 2.36410618867
1.56243459648 2.3148963878
1.49557580783 2.40136425814
1.49739737819 2.40404954369
1.48281533976 2.42809156321
1.48428246428 2.43993838922
1.47389909192 2.46498589579
1.43398069365 2.50134231312
1.41801437934 2.52522118019
1.37937682743 2.55693854069
1.37672783812 2.58054905519
1.30843813179 2.63068549499
1.28470411673 2.65289337538
1.27118553091 2.68132443201
1.22235720693 2.7243923922
1.20438250986 2.75276292815
1.15771854431 2.79182487075
1.09391287816 2.83680829426
1.07258198701 2.86023718097
1.00373227131 2.90277883513
0.928261384771 2.94111749218
0.838309219656 2.98882032733
0.788947678118 3.02031468537
0.734954468189 3.04929672094
0.633014516145 3.08580630723
0.563781120254 3.11721350408
0.464829894436 3.15551497619
0.35921708476 3.18250312628
0.223548466677 3.20886216666
0.0898672042786 3.23597843118
-0.0822049189671 3.25102639152
-0.306959374417 3.25227206317
-0.428266649508 3.23887868527
-0.502377645424 3.2376705978
-0.581623325975 3.22234195363
-0.676677536413 3.20662831663
-0.802955938358 3.18158359318
-0.874934788272 3.16852229266
-0.958302440315 3.15154317277
-1.09892344577 3.10981017444
-1.15466379599 3.09719791972
-1.27719750789 3.03675799596
-1.45621180674 2.96013014578
-1.57039751782 2.90579284482
-1.62854542386 2.88567299612
-1.65641626204 2.87947542704
-1.7052122739 2.85500183007
-1.77160059312 2.81947778741
-1.81426020741 2.80648880121
-1.86651210359 2.77231486063
-1.95771736685 2.71214176119
-2.06080515944 2.63771805411
-2.16370027386 2.55963196157
-2.25357049372 2.49027880962
-2.36035198061 2.38623457626
-2.50154491351 2.25526970338
-2.62724871162 2.12455234224
-2.72756111682 2.00816341064
-2.81767276848 1.90482686538
-2.90577849819 1.77875919019
-3.01120516767 1.6146700543
-3.04297284277 1.54040405587
-3.10882113439 1.43027860931
-3.18454396745 1.27965241176
-3.25872566251 1.14380745748
-3.30271304713 1.02573947273
-3.34240198952 0.901981928822
-3.39156365011 0.74523273869
-3.426373719 0.609836254148
-3.45137828819 0.449796664039
-3.48238631448 0.28783604001
-3.49570701235 0.132743988755
-3.50042739117 -0.0219047010654
-3.50382779608 -0.157594138005
-3.4956112464 -0.28709709042
-3.48891538935 -0.417730654256
-3.47712791609 -0.514947937575
-3.46104980315 -0.612979880928
-3.44408389841 -0.710854265843
-3.41756114897 -0.833959016946
-3.38803863698 -0.952506130057
-3.35342984883 -1.07139277897
-3.32254302829 -1.16941826488
-3.26973224603 -1.30732388375
-3.21375841797 -1.44512304051
-3.15798239038 -1.56503373869
-3.09419765432 -1.68654416202
-3.01255236607 -1.82753664973
-2.94178270439 -1.93566295354
-2.87480762017 -2.02814874168
-2.79538720498 -2.14184839732
-2.70094168985 -2.25364861911
-2.58829383999 -2.37354139494
-2.46149203464 -2.50097095615
-2.32061229524 -2.62390290458
-2.1615295545 -2.74731951537
-1.9951975946 -2.86358496795
-1.83073126127 -2.96212217684
-1.63451250796 -3.06124666103
-1.45705062507 -3.1409998531
-1.24983711341 -3.21808695952
-1.05657773613 -3.27144975183
-0.872489949139 -3.31601102433
-0.698300578412 -3.3422575158
-0.550647903203 -3.35539255196
-0.382742720811 -3.36705123776
-0.194825157791 -3.37112478271
-0.00472569697823 -3.36149063023
0.138658490014 -3.34184204925
0.262943124118 -3.31526737744
0.337652853806 -3.28671255976
0.418585415022 -3.25961544403
0.484869135381 -3.23859243167
0.521807118688 -3.21521516022
0.558830927871 -3.19134937343
0.569963627289 -3.17430925488
0.581542087206 -3.15667807051
0.576064445575 -3.13845831181
0.536113942435 -3.12570737777
0.520035861851 -3.11217149199
0.503964863126 -3.09780036865
0.480923608909 -3.08397359413
0.447159600454 -3.07156499279
0.414105694173 -3.05881358417
0.383268000655 -3.04631493513
0.327867754984 -3.03341076702
0.26903721113 -3.0156966364
0.215298117085 -2.9962769152
0.152015433848 -2.97554547589
0.076056573013 -2.95633419124
0.00113623164394 -2.93456245225
-0.04711313899 -2.914932708
-0.091899058047 -2.89471626004
-0.138888907044 -2.87824446725
-0.194702736619 -2.86027752754
-0.222713606947 -2.84862291367
-0.302867398494 -2.83034444906
-0.382219304223 -2.8040976924
-0.480921122941 -2.77867634921
-0.599725390738 -2.74079054273
-0.669859194915 -2.71048160585
-0.760917553502 -2.6771795009
-0.870594812249 -2.63043380606
-0.92877973642 -2.59063172318
-0.987021313236 -2.55828704725
-1.06283672326 -2.52665878211
-1.12198830768 -2.49217365749
-1.14687867161 -2.46692365648
-1.22531231347 -2.43435569446
-1.2816524839 -2.3991579421
-1.32737317564 -2.36316302421
-1.40821296049 -2.31162606461
-1.4312148698 -2.27814498637
-1.46175035052 -2.26150814783
-1.51344646102 -2.23486669283
-1.50878504302 -2.23026538375
-1.50699459408 -2.22584331566
-1.51670804814 -2.22785224319
-1.47706218874 -2.24509628851
-1.48825100955 -2.24918501776
-1.50564762085 -2.23966722163
-1.50425498556 -2.21955335073
-1.44378426111 -2.24948704397
-1.48061941538 -2.26963339891
-1.44637449771 -2.25378287652
-1.43385058423 -2.27806333832
-1.4129378962 -2.28567877393
-1.36991723238 -2.3028256319
-1.31664322095 -2.34010358849
-1.27382008237 -2.38451767749
-1.24404012016 -2.41577596361
-1.17984554774 -2.45262125446
-1.14729310859 -2.48144524212
-1.097369632 -2.50656956894
-1.05032900296 -2.52204696726
-1.01886307479 -2.54344761023
-0.9636059969 -2.57693319574
-0.934309624844 -2.59060480572
-0.87764390599 -2.62422052549
-0.82100233839 -2.65429489551
-0.794955581195 -2.67013178369
-0.760975980008 -2.68470661908
-0.711766782878 -2.7068404717
-0.685994978167 -2.72161691459
-0.660115070002 -2.73616105327
-0.617312433049 -2.75147868368
-0.597493387757 -2.76720829749
-0.579848129431 -2.77878941479
-0.543525744424 -2.78631739229
-0.527320052395 -2.80067771308
-0.498055316028 -2.8089234479
-0.489859316664 -2.81810979414
-0.46690607061 -2.83314249337
-0.459897362878 -2.84320235881
-0.422406834839 -2.85635149595
-0.375376892754 -2.87271797783
-0.395476147498 -2.88381426568
-0.381957787205 -2.88793237046
-0.360932140668 -2.89390611556
-0.371332793551 -2.90231740478
-0.379329812102 -2.91535162357
-0.412495108359 -2.91834074026
-0.411128161925 -2.93775658611
-0.428823633825 -2.94340164531
-0.46068561112 -2.95260424895
-0.518667853257 -2.9525459777
-0.541281579677 -2.95333045752
-0.611210953434 -2.94966027572
-0.626368196018 -2.95755892795
-0.670584769079 -2.96051668241
-0.690839081086 -2.9716749583
-0.754992708238 -2.97236776138
-0.800133220897 -2.96710186075
-0.883044487718 -2.95932878745
-0.986542561269 -2.92477946271
-1.07789323122 -2.90276430848
-1.25490841432 -2.84208708397
-1.39138767489 -2.7880303233
-1.58671391541 -2.69693408059
-1.71463952062 -2.62795021431
-1.91136372653 -2.51976190526
-2.10713810883 -2.38877958277
-2.25267788891 -2.26399284547
-2.38018011069 -2.16192221534
-2.51708110511 -2.03990700352
-2.63928541687 -1.90966125859
-2.72512918415 -1.83078399215
-2.81503046386 -1.72066036092
-2.88518710686 -1.6403324956
-2.96042377233 -1.54802716855
-3.03565169994 -1.44982445495
-3.10315826263 -1.3569725515
-3.16662069386 -1.22467893211
-3.21587419322 -1.15511405778
-3.25511148894 -1.09620578744
-3.31270662777 -0.950549545054
-3.35574586909 -0.861231023752
-3.39875815501 -0.760769027485
-3.44695775771 -0.666800742491
-3.47299852724 -0.572557314188
-3.50499667466 -0.449452604569
-3.53307632372 -0.375412579326
-3.55202130261 -0.285709092686
-3.57995449388 -0.158145722165
-3.60372649736 -0.0197482363255
-3.61711867079 0.0875782301975
-3.63267618489 0.16807693698
-3.63204612962 0.326223752913
-3.64601969044 0.433318421279
-3.62832500969 0.582032118776
-3.64706789146 0.633839582323
-3.64834200428 0.689311226124
-3.66592009219 0.673691369655
-3.67255109275 0.70124338266
-3.69473679246 0.703654221719
-3.69702162657 0.743163671783
-3.71803811952 0.731585420636
-3.72069490022 0.746218187154
-3.73887879177 0.726923368755
-3.73713622933 0.755371322618
-3.75249183555 0.756874466954
-3.77169886642 0.750392979171
-3.77924570422 0.748133368383
-3.78239382959 0.761827728243
-3.79723079733 0.790724004113
-3.81570821791 0.76870749348
-3.82510401677 0.762016111321
-3.8244866976 0.813127970428
-3.85753732339 0.782981899227
-3.85110885809 0.811593914804
-3.87395106534 0.810823618784
-3.87783623258 0.823569623118
-3.88807967377 0.84553357932
-3.89816568623 0.86202638148
-3.89080852665 0.922436215283
-3.91426633731 0.91104249227
-3.93760123684 0.880374428477
-3.92750792069 0.958008997839
-3.94807506146 0.94912276848
-3.95401726148 0.984420719175
-3.96177319243 1.00957027644
-4.00033310368 0.951114337941
-3.98643131029 1.06374897238
-4.00625057136 1.12414045813
-4.02430443811 1.13124178424
-4.02901962677 1.16052225604
-4.02826162365 1.22579822618
-4.05494709349 1.23940517729
-4.03098565954 1.38882907197
-4.04939769316 1.36517361056
-4.04487594167 1.41849186828
-3.99932319597 1.55037341384
-3.97999446989 1.62065206769
-3.93422294286 1.76773095404
-3.89173496755 1.8788833487
-3.81562572869 2.06725864656
-3.75932570009 2.19920209302
-3.5524199915 2.54178776012
-3.4776645071 2.64555389857
-3.24542314507 2.95466109165
-3.06752296148 3.14357232695
-2.91138808377 3.30787522963
-2.71597659765 3.47291809668
-2.39139254996 3.7214885091
-2.25450418275 3.80424811464
-1.95711466345 3.97426726277
-1.76727944462 4.07038110062
-1.59012757442 4.14175783413
-1.35670537409 4.23370798135
-1.1718527664 4.29462448728
-0.978294562419 4.34517403758
-0.777726067621 4.39158114816
-0.61121331345 4.41130406068
-0.427407164795 4.42837495316
-0.238938489585 4.44526886851
-0.0620244513567 4.45353805444
0.0389334785029 4.44761375786
0.194542600937 4.44787093889
0.308847440585 4.43136813552
0.453118814771 4.42075291277
0.587478103972 4.4019687927
0.724004930296 4.38249499014
0.867300336898 4.35103680314
1.01328963406 4.31735468966
1.021703076 4.31436656431
1.2369975482 4.25761608842
1.43843487546 4.20068693071
1.61476687425 4.13197869313
1.79372448431 4.05719219122
1.97766552948 3.97166538015
2.14672508108 3.8880147474
2.30177451049 3.79323158651
2.44242948533 3.70643275899
2.60166385105 3.6047541557
2.71394321451 3.51638871197
2.8052371644 3.4507862431
2.87895630736 3.38259057838
3.03161733928 3.2527956608
3.15961743561 3.14557892944
3.26650400638 3.02295740081
3.38405860989 2.90465973244
3.50603178262 2.75257843105
3.62796336571 2.60318396819
3.74650736628 2.44760349201
3.84286912528 2.27429494494
3.9547314189 2.09656751668
4.03061403092 1.95414061657
4.10085299924 1.80180935534
4.19784432766 1.5934496299
4.28747853506 1.35874118974
4.3292410088 1.21293638679
4.35326426392 1.08773480009
4.37922917138 0.931771552293
4.40000237185 0.825513949858
4.41457302462 0.733894280288
4.4255182326 0.5562566511
4.44249816291 0.406037816222
4.47535661417 0.398765924815
4.49211656586 0.258855554433
4.49622453203 0.100195707269
4.48640017494 -0.150430045829
4.4668492512 -0.337553331411
4.461646979 -0.462284395789
4.4538879882 -0.466888934861
4.45352407422 -0.46719626467
4.43020937161 -0.652222318706
4.39752629654 -0.848101968757
4.33318163483 -1.0594877214
4.2331531951 -1.37522674933
4.15181341845 -1.5523617288
4.06806286419 -1.75238102176
4.00729001011 -1.84168767449
3.89550410055 -2.0303888851
3.8149784477 -2.14945993004
3.73575917582 -2.27283626536
3.7208461073 -2.29527373323
3.68634573495 -2.34503282719
3.64782697117 -2.4035195222
3.57912065661 -2.49950981968
3.48502524452 -2.61259113843
3.44407539327 -2.64338680839
3.39940610263 -2.69027002877
3.30375292645 -2.78481984681
3.2135366563 -2.86080070595
3.13146420276 -2.92194126855
3.08556152165 -2.94918399441
3.07022367652 -2.93381180485
3.05095867879 -2.94826445327
3.01163506623 -2.98090052074
3.00075276283 -2.97051166474
3.00477539691 -2.96471593624
3.00855465001 -2.96412953531
2.99652079863 -2.97696158476
2.99609961788 -2.96662532216
2.98345562366 -2.97019305887
2.9982322323 -2.93529648415
3.03283393879 -2.88784899769
3.08993003651 -2.82216658168
3.15527837216 -2.75645991872
3.16729696685 -2.72817717788
3.24159458508 -2.60802237182
3.28523515209 -2.57103342648
3.32478248791 -2.50825779812
3.39647805646 -2.38565405648
3.41327543013 -2.33842086342
3.42014715111 -2.32227766845
3.43132567111 -2.31570651271
3.44485022568 -2.29270215876
3.44442580849 -2.29376829505
3.45369022227 -2.27864022008
3.45474217669 -2.27678443456
3.45625125994 -2.27825152854
3.43021275263 -2.31727065119
3.38050343539 -2.40007724342
3.33239540546 -2.46587261685
3.28981389166 -2.57900465277
3.23217385155 -2.63420748273
3.17234342592 -2.71642236252
3.10485861322 -2.78690348996
2.87821712721 -3.0300451691
2.93233024757 -2.95405515918
2.92689644714 -2.98590986325
2.9201674558 -2.99523790609
2.92855488782 -2.99674576519
2.92565777866 -3.01485077768
2.89722787427 -3.03867552018
2.86906167912 -3.05590446308
2.87133762316 -3.04826065832
2.87414569242 -3.05000158179
2.88371599589 -3.0550694155
2.91038442222 -3.01108729755
2.92962763259 -2.98993698231
2.95544139839 -2.96074726539
2.99246818811 -2.91617152762
2.98445538756 -2.90350398655
3.02688830194 -2.85562529227
3.06619065735 -2.81598364841
3.06100499316 -2.78980418456
3.06126167303 -2.77593294423
2.88946480292 -2.95759274964
2.96179054049 -2.82509721423
3.07007789182 -2.70265704417
3.11455760593 -2.65210932591
3.04148683499 -2.73726804963
3.13041758314 -2.58525246155
3.15625327908 -2.54897017773
3.17224007603 -2.52699538514
3.17073230425 -2.51835319415
3.21823622329 -2.44628329114
3.23250901875 -2.42345252843
3.24080111835 -2.40318217118
3.25275102848 -2.38070012697
3.2847291182 -2.33119285491
3.3300632113 -2.26045646607
3.37030262296 -2.18713779536
3.44384241541 -2.05852856338
3.4996254634 -1.93969706237
3.55382978653 -1.80263666401
3.60479517734 -1.6625822348
3.64170903194 -1.51854992941
3.64277486459 -1.47334748028
3.65306113714 -1.43569312049
3.65547693103 -1.42135945414
3.67630396054 -1.35828092878
3.69574663066 -1.29021435724
3.73820720142 -1.15551092706
3.78643723552 -1.01363954466
3.78559037873 -0.961393566365
3.76933812109 -0.969814457716
3.7490457179 -1.03973840252
3.73837592794 -1.07692016769
3.72533199496 -1.12705780702
3.71721031736 -1.15305222571
3.71016048314 -1.17468479441
3.68932772022 -1.24278386927
3.67150025655 -1.27371862609
3.65563260608 -1.32103236726
3.63977111146 -1.35365061703
3.62484519399 -1.36543997206
3.61806336819 -1.37095198299
3.6020470905 -1.40628066579
3.56761590843 -1.41455684765
3.54618159016 -1.45644464399
3.51319217527 -1.51093842432
3.46498578564 -1.56866887995
3.42523522127 -1.634042361
3.39856022183 -1.68019482177
3.37316203022 -1.71467448506
3.36963360951 -1.70936274884
3.37876087854 -1.69155153695
3.39211891261 -1.66937681048
3.3822542781 -1.67078419304
3.3787312855 -1.67948582777
3.37922717101 -1.67610702776
3.38313855062 -1.6682940342
3.36583458939 -1.69763963174
3.31316453489 -1.74666521504
3.30452427418 -1.75538236398
3.2887997287 -1.77128523283
3.2762060577 -1.7741672965
3.2770629571 -1.7795231522
3.27144511098 -1.78379101693
3.24580066517 -1.79559955146
3.24306495738 -1.79864443531
3.21992840226 -1.82391899447
3.20962947486 -1.83660293192
3.20034403121 -1.83761726093
3.18470773373 -1.83768954709
3.16786020457 -1.82551804838
3.16041306611 -1.82208101351
3.14151567095 -1.82797377516
3.13211397248 -1.82021038252
3.12033450757 -1.82416156766
3.11263055607 -1.80795992579
3.11125337474 -1.80602266446
3.08807401303 -1.8127294474
3.08613490699 -1.81282065909
3.05991462706 -1.81025377743
3.04210409453 -1.82105197911
3.02335816655 -1.84235136312
3.01112295295 -1.84677828637
2.98943342722 -1.85685192131
2.94520731812 -1.89880877476
2.89859022693 -1.95073656256
2.84664878252 -2.00627897594
2.78527493093 -2.06255849556
2.71950041404 -2.13990521319
2.67422520096 -2.18355072647
2.63089389647 -2.2489229261
2.57128624071 -2.32193756154
2.49862777068 -2.4030741443
2.45746749826 -2.43522364075
2.36384131203 -2.52755995183
2.28405281458 -2.59496997196
2.21105634995 -2.65474171335
2.15686212789 -2.69854577646
2.09149793299 -2.75682851596
2.02486231716 -2.79224339504
1.95902471415 -2.84545329283
1.88815387584 -2.8931631591
1.83090203197 -2.93036279225
1.77090564208 -2.97462622003
1.66438798926 -3.03441838973
1.58796421323 -3.08372253349
1.51908187225 -3.12480408064
1.41558255572 -3.18112327531
1.31930771261 -3.23564821778
1.24800444448 -3.26724940894
1.13721994046 -3.31077188253
1.08378702416 -3.3556640858
0.982099970404 -3.39570233071
0.911334382281 -3.4357493472
0.832789586719 -3.4764097101
0.772273485297 -3.49847328568
0.750508482786 -3.53005635145
0.719901083036 -3.55295815875
0.683797207586 -3.57350024438
0.645254408843 -3.60633811636
0.67359098142 -3.60823727771
0.698516062208 -3.62544533443
0.71188188504 -3.63837738199
0.703315760329 -3.66609090291
0.719831995643 -3.67240796775
0.717536833939 -3.69725639314
0.71096667741 -3.70665913406
0.714773766334 -3.73321292887
0.735042257485 -3.74776514807
0.761899569288 -3.76715629661
0.771797993765 -3.7887595861
0.791442409091 -3.80168909305
0.805204404773 -3.81936671071
0.822043283586 -3.83695470987
0.801636171656 -3.85176430001
0.815841180227 -3.85966889243
0.828585778063 -3.87001391942
0.856740434916 -3.87651132188
0.854064082142 -3.89108694226
0.868777681375 -3.89950199318
0.866716968013 -3.91664206119
0.857141235451 -3.92834484795
0.828204972816 -3.94936772785
0.851294535449 -3.96189802235
0.859933468577 -3.97720308287
0.850011444882 -4.00258065776
0.83451256703 -4.01646568358
0.865214178277 -4.03393951023
0.862450987007 -4.04845206834
0.874113822792 -4.06397777515
0.889336647122 -4.07599424622
0.898304244805 -4.09611526965
0.904079809195 -4.10907312671
0.93120325403 -4.12747813452
1.0030681789 -4.13616343052
0.967397125154 -4.15723556718
0.945462270293 -4.18374182746
0.912852904542 -4.20765707602
0.897946548222 -4.23186115789
0.889126933983 -4.25378742281
0.852186538647 -4.26905790919
0.838971584221 -4.28664671323
0.838152444649 -4.30237063485
0.805998064308 -4.32036200832
0.806319925477 -4.33384935439
0.81361466183 -4.34757939398
0.755215172011 -4.37501670842
0.737021985826 -4.39402655777
0.719658408433 -4.41594132171
0.659925576854 -4.43406106133
0.636853184914 -4.45731870895
0.661317010622 -4.46771612224
0.653477951677 -4.47711138136
0.579129611233 -4.50749891335
0.674409357169 -4.5225095811
0.745029024426 -4.54000425965
0.814530584047 -4.53891340867
0.883190272587 -4.54959807785
0.95290644097 -4.55317661501
0.954952393954 -4.5590472876
1.04385596662 -4.56291140485
1.15548568381 -4.55196897002
1.18596831788 -4.56139486149
1.28576908167 -4.54202314346
1.38448074462 -4.53861625949
1.46653463897 -4.53066023179
1.55444395975 -4.5117486137
1.61207554111 -4.51227818029
1.66686301726 -4.51481381986
1.73825606328 -4.50354024759
1.82618571429 -4.49465673395
1.84070892898 -4.5157545185
1.94012671099 -4.47736087867
2.05472361097 -4.44771968617
2.12842120597 -4.43235780139
2.21520687337 -4.394716589
2.2891955859 -4.38457529117
2.36126564568 -4.35874048544
2.41425206336 -4.34978508131
2.47865157102 -4.31680555803
2.56792588123 -4.28608832156
2.61986839948 -4.28087685668
2.65789384908 -4.27688048744
2.70112424436 -4.25096153685
2.76929577143 -4.22462916303
2.80125012746 -4.22430417935
2.83806936622 -4.21366986671
2.86942009658 -4.19156523326
2.88420209927 -4.19849775084
2.9249014562 -4.17978019005
2.95356880573 -4.16790776947
2.99108976532 -4.16208655834
3.01382575736 -4.16561873585
2.99618415884 -4.19928420822
3.01210991942 -4.2096600488
3.00754574636 -4.23239072883
2.98851902817 -4.25305869386
2.95748731614 -4.29016920459
2.94707466077 -4.30703642127
2.90636988738 -4.33987791627
2.84218845798 -4.38327984769
2.77263099067 -4.44829655043
2.58316060488 -4.57071845242
2.38691192386 -4.67681029253
2.23969575976 -4.76557457345
1.89812547575 -4.93192062016
1.55979679627 -5.06901005982
1.39490372977 -5.13755846997
1.33084220824 -5.16836243887
1.01133852504 -5.25098104042
0.688859108676 -5.29981041811
0.42798205401 -5.32572680121
0.298871097376 -5.34651863866
0.0677998289591 -5.37367267415
-0.107062838194 -5.38310268405
-0.340998835604 -5.38411955707
-0.601768189643 -5.36683577878
-0.568656458319 -5.38856049707
-0.584043636431 -5.38901660744
-0.587616807343 -5.386600612
-0.60111603095 -5.37320494696
-0.722962907125 -5.35964963061
-0.890540757596 -5.33499905022
-1.23014612458 -5.27853517115
-1.32821355323 -5.25910354543
-1.64355951164 -5.18681818656
-1.76497337382 -5.1237229637
-1.7707977615 -5.121089284
-1.79518821536 -5.10813856595
-1.80180573367 -5.10500422446
-1.76873326829 -5.11629491587
-1.78896986886 -5.11163589974
-1.7744214231 -5.11549699206
-1.78200783025 -5.11889629413
-1.78002053116 -5.11704127336
-1.79074972463 -5.11329418848
-1.80528364836 -5.10595829756
-1.80298281355 -5.10694493671
-1.8306628168 -5.09400989778
-1.80185814619 -5.1060870697
-1.80490075181 -5.10479167011
-1.79823235653 -5.10714451637
-1.756079313 -5.11836975238
-1.82161035097 -5.09858255647
-1.80210516975 -5.10755800525
-1.80478809689 -5.10567583954
-1.77786181109 -5.11511345747
-1.77935891176 -5.11497439936
-1.70770249785 -5.14164552268
-1.70722385708 -5.14500198325
-1.70239163109 -5.1484640847
-1.71696471554 -5.13698243811
-1.72247471522 -5.13415768303
-1.71876696286 -5.13539014786
-1.67228503347 -5.1539043975
-1.68964367847 -5.14585312659
-1.70558256959 -5.14046019962
-1.67454949873 -5.14924018271
-1.68493466333 -5.14643008495
-1.68253740958 -5.14929370441
-1.72065795856 -5.13595727634
-1.65655162126 -5.15965196103
-1.68191075827 -5.15629169795
-1.70151662604 -5.14659023137
-1.7078201168 -5.14268035719
-1.7083426953 -5.14297380685
-1.71204005158 -5.1417441792
-1.7286485565 -5.13649752498
-1.73962381241 -5.12502667747
-1.7270718963 -5.13028450367
-1.73223685733 -5.13115580561
-1.79694434442 -5.10885461277
-1.98131352244 -5.03946671132
-1.85917224255 -5.08984669891
-1.90380103147 -5.07200987337
-1.92624573623 -5.06214462408
-1.85141956001 -5.08843251792
-1.87406349161 -5.08688152917
-1.95473635455 -5.05598182673
-2.09466995536 -4.99648546388
-2.21777646532 -4.94332529606
-2.60574729319 -4.75484403968
-2.8839719164 -4.57744157158
-3.34485669 -4.26897579364
-3.73698591348 -3.92592597957
-4.09421736609 -3.54117352953
-4.28599059532 -3.27369529036
-4.42724369667 -3.06663103797
-4.55750860458 -2.82502331891
-4.68997964762 -2.5889789767
-4.83991520855 -2.25534553994
-5.04154910805 -1.77115093742
-5.13183672972 -1.61217660383
-5.17640148139 -1.46935339114
-5.18304485085 -1.43170165412
-5.17717094958 -1.4307360761
-5.19497398488 -1.37359006766
-5.19501269695 -1.37100604464
-5.20441201729 -1.32388316832
-5.2280680617 -1.21192198285
-5.26325600607 -1.0969264136
-5.30195467045 -0.881911877959
-5.32471870005 -0.664053376502
-5.34348721983 -0.54332439885
-5.34736413984 -0.440879961364
-5.35473150782 -0.364541475
-5.35141225994 -0.280591807636
-5.35187705551 -0.131689812589
-5.32527959874 0.0371228335006
-5.33410639576 0.160323484339
-5.34320852628 0.251064020103
-5.34301922852 0.261497056382
-5.3421902868 0.260513375439
-5.34255266754 0.236940185644
-5.33657619849 0.262006953084
-5.34642085779 0.280420800574
-5.34724686399 0.276302959487
-5.34729189895 0.278599923756
-5.34867734179 0.250597812309
-5.34098495199 0.214370326795
-5.33633866917 0.208395651174
-5.33621041873 0.209789134173
-5.33345307809 0.247083275717
-5.33355568537 0.260044629504
-5.34030922052 0.257523333104
-5.34077981343 0.290819505797
-5.33844871895 0.363724349666
-5.31438690821 0.443497746409
-5.33069052618 0.467865395178
-5.33271499256 0.45719842393
-5.33738133056 0.455655640307
-5.3303916421 0.45558862239
-5.33703042128 0.392609121474
-5.33185917995 0.410204949647
-5.33254242989 0.416136849341
-5.32458908849 0.507859553228
-5.30273899667 0.652935641234
-5.26468426708 0.919766600319
-5.19243709922 1.30506370093
-5.05928544615 1.71589112907
-4.91016056462 2.10317297231
-4.79041186662 2.36705918045
-4.685489782 2.53973108448
-4.6471170207 2.61845526326
-4.6036257199 2.67978894794
-4.56831118046 2.73352289753
-4.48406153502 2.83336010082
-4.35219436573 3.00449230205
-4.23801922639 3.14397475528
-4.11227506952 3.2774464894
-3.98006451702 3.42039837012
-3.87557305783 3.53620945263
-3.70290846372 3.67465228977
-3.56391927044 3.79136059247
-3.41692708509 3.90831076738
-3.29154084874 3.99038796989
-3.18981846671 4.05080113911
-3.08415130284 4.11605518281
-2.97289584684 4.17284565273
-2.91621513435 4.19843760154
-2.82362502954 4.25343142797
-2.68723479705 4.3319544375
-2.57109357216 4.38698149421
-2.39893373627 4.45051463617
-2.23409188391 4.51939797613
-2.07697021521 4.56690221691
-1.94227077019 4.59576778495
-1.78119325176 4.63983310202
-1.65139789736 4.67047107551
-1.53113687335 4.68824604448
-1.41339128833 4.71515875847
-1.32601742394 4.71806330654
-1.22935541855 4.73049054453
-1.18098437858 4.73617239043
-1.18918382229 4.72716312432
-1.19539061141 4.72533339736
-1.19525357624 4.7253680617
-1.18303189126 4.72839481604
-1.13231328464 4.7382488108
-1.1127754747 4.73524654508
-1.0936600126 4.73688067436
-1.07229840195 4.72969266174
-1.10455925818 4.7166005415
-1.07283306028 4.70626962878
-1.05533108117 4.69545262969
-1.00561722908 4.69331857404
-0.937533484553 4.71745236978
-0.913625309012 4.7247211848
-0.973245407908 4.71297641515
-0.944538469156 4.71590707896
-0.98215435624 4.70434240482
-0.949033943361 4.69775632686
-0.905958722446 4.70526608293
-0.871346493809 4.70973919436
-0.86608501141 4.70652063718
-0.801416142518 4.71342051437
-0.748399462399 4.70476956276
-0.734555760013 4.69612513263
-0.737756343278 4.69341959034
-0.732125301618 4.6783233998
-0.712695717257 4.6638014848
-0.726191889661 4.65104595735
-0.714780292147 4.62930571799
-0.770109086989 4.61099901583
-0.759629228899 4.57789946651
-0.753869923404 4.56764915286
-0.750176986089 4.54820724956
-0.781384715227 4.52696210546
-0.75687550579 4.50464520252
-0.782386140996 4.47350517482
-0.799901826808 4.43862358201
-0.807104640009 4.40892375008
-0.821574575289 4.37923001527
-0.858286188811 4.34182285445
-0.847602288013 4.31696848241
-0.84576372025 4.28005315313
-0.851728472205 4.25893300718
-0.88858835882 4.22786059915
-0.90562941181 4.19799688685
-0.914974528174 4.17695492439
-0.9222986066 4.1500036669
-0.912600661151 4.12346608092
-0.900111822973 4.10111433326
-0.892531071155 4.08430927404
-0.885023647383 4.06332944591
-0.88860652486 4.03920303313
-0.901655053002 4.0133135577
-0.890359098514 3.98152731849
-0.910312437698 3.95674845449
-0.912800850539 3.92789834653
-0.917508383718 3.89729489748
-0.904666632505 3.86772058988
-0.918040652648 3.84787694064
-0.90164240374 3.81427493645
-0.902627154525 3.78819088826
-0.891976503809 3.76298261416
-0.891174146116 3.73692379266
-0.869399416352 3.71827796943
-0.837948923158 3.69641883855
-0.823023389073 3.67247447131
-0.804108868767 3.65114885125
-0.777324234397 3.64282226247
-0.765034042252 3.62960541394
-0.749191513391 3.6028070852
-0.736753515583 3.58427139705
-0.72123216546 3.56106763876
-0.702073231573 3.53528582779
-0.678116784607 3.5234612017
-0.643175307518 3.51028151877
-0.612044842162 3.49506078051
-0.574005421356 3.47414088058
-0.525651992773 3.46518282159
-0.466162707421 3.44710886359
-0.402721218396 3.43581829615
-0.322088597573 3.42366928281
-0.270340556794 3.39770689397
-0.188585160675 3.38276277678
-0.192975591191 3.3591961434
-0.147206845324 3.31283250243
-0.0758366259744 3.29733886175
-0.0147593875215 3.26564250155
0.056282775856 3.2536186955
0.116509438547 3.22803703934
0.162515374731 3.19822626593
0.221092841008 3.16495393775
0.284643551806 3.12411378669
0.343765421714 3.09053399397
0.402188580143 3.05113521127
0.468191985683 3.01490501294
0.529000241672 2.97766071577
0.585422460786 2.94307057706
0.633988458977 2.90005977257
0.711774870196 2.85448656862
0.802467470805 2.80980276506
0.880410661752 2.76159211903
0.969737884576 2.70796810191
1.06308918025 2.64666948342
1.18005222738 2.56624411367
1.30474922585 2.47632769321
1.45856717064 2.35190166602
1.60963993404 2.21082285492
1.75056602551 2.0624808959
1.86001606145 1.93305587443
1.96632162714 1.75495008958
2.06413717797 1.60896099547
2.11199077092 1.46288937725
2.19001823968 1.25627849431
2.27060166296 1.08309824003
2.28914066975 0.915247592931
2.31010708333 0.758833351784
2.31426028479 0.629318018436
2.28753077827 0.519511966097
2.26558331893 0.41818414761
2.23751593773 0.338586743242
2.19652118217 0.299962006272
2.18258092415 0.272023127358
2.15357178159 0.239531663722
2.12812987796 0.230430762167
2.10800681195 0.219935278844
2.08170661879 0.213589378466
2.0417369248 0.201539210355
2.01244267241 0.224349100469
1.97082811008 0.226448800882
1.93649694861 0.22638548854
1.89829999368 0.24628642207
1.86065186082 0.274802263184
1.81997081942 0.289886990209
1.78664515782 0.303716481919
1.74831582566 0.310658045007
1.71142407571 0.340077219821
1.67295035568 0.360216588881
1.64146216959 0.374040379978
1.59842201399 0.403288629611
1.55112878696 0.429956537847
1.51059008897 0.441864781018
1.46419108154 0.473428052577
1.42273831383 0.494892661261
1.37609745067 0.5261911185
1.3250598178 0.551079959439
1.28275116318 0.578782477106
1.23569257865 0.605201944455
1.20256921927 0.61433914762
1.16736655404 0.631038363902
1.11911197715 0.653371222913
1.0869689689 0.656030550737
1.05638826639 0.650267694898
1.00267107963 0.691859277265
0.929970654456 0.703634352092
0.889850056173 0.707317275807
0.836232060549 0.717677036305
0.781519042908 0.72071292425
0.727098176515 0.727487054641
0.674749097803 0.732226385501
0.618451109882 0.738934281788
0.562461686389 0.730505551772
0.518575858563 0.726260187441
0.485930837008 0.711805768724
0.449529690209 0.698294619089
0.424065853262 0.687641736351
0.391728630358 0.678044442356
0.369513159589 0.670711436646
0.345426031754 0.657699768465
0.328174252494 0.642584261968
0.30245036038 0.631544895256
0.278994929515 0.606434506609
0.259988055379 0.592419610099
0.246393696371 0.568309949563
0.235653215624 0.55266909378
0.222339420615 0.53476024578
0.220324178656 0.525762647361
0.221122356249 0.51299583778
0.22252727056 0.498986717171
0.223973281449 0.491987840043
0.226369203109 0.488640798902
0.226254366272 0.488693982172
0.225179043154 0.488882053388
0.224128573237 0.486615555219
0.224173827514 0.486594709157
0.224446169485 0.486823355837
0.225281696773 0.488782509338
0.226453885128 0.489591924275
0.224660224881 0.487942878789
0.224627505711 0.487152152949
0.224711931322 0.486754372313
0.225360883284 0.487479945386
0.225055563554 0.486964812022
0.224743747655 0.487280587976
0.223875401377 0.486361936931
0.223509593934 0.486530153697
0.222526101411 0.485651058395
0.22253262287 0.48568297188
0.222399537384 0.485743927587
0.22288465147 0.486177823154
0.22473043078 0.487786971378
0.224508453574 0.487885887094
0.223077883108 0.486986954314
