	TimeStamp	Xamcl	Yamcl	Thacml	TimeStamp	Xgt	Ygt	Thgt
0	1.4540886004121805e+18	0.0041475340376138	0.0004462190468599	-0.0409500977412497	1454088600358138500	0.000532	0.004198	-0.2773688686228315
1	1.4540886095849966e+18	0.2395141137357758	-0.0805578872432251	-14.71681138258456	1454088600451738700	0.000112	0.005427	-0.2883123625098303
2	1.454088610895399e+18	0.4651794455896106	-0.1735170586501016	-17.475534156649932	1454088600545338900	0.000112	0.005427	-0.2883123625098303
3	1.4540886119250007e+18	0.6792598030921898	-0.2301552418295106	-14.311115156614576	1454088600654539000	0.000152	0.005348	-0.2968494336572795
4	1.4540886128610022e+18	0.9011229772258244	-0.3020089352533516	-9.927487687809082	1454088600748139200	-0.002281	0.004323	-0.2706079666402878
5	1.4540886137034038e+18	1.1028723321818192	-0.3253529782935884	-4.816429932312327	1454088600857339400	-0.002212	0.004671	-0.3150694915424398
6	1.4540886146394053e+18	1.3403693484605956	-0.3332106812926519	0.4402320457679877	1454088600950939600	-0.003034	0.004291	-0.2941565320201647
7	1.4540886152946066e+18	1.5434900852425764	-0.3183975917676028	5.223413673334502	1454088601060139800	-0.001406	0.00408	-0.2975369830114365
8	1.454088616043408e+18	1.741344809294623	-0.270886997298396	12.945907478921349	1454088601161139800	0.001207	0.003973	-0.2452259363159924
9	1.45408861716661e+18	2.0141005409760653	-0.19004649271266	26.552066842385152	1454088601261139800	0.000688	0.004489	-0.2955889265079917
10	1.4540886182898117e+18	2.230525335841268	-0.0365174731049245	39.339329594552574	1454088601362139800	0.000321	0.004932	-0.3046416596710588
11	1.4540886192258135e+18	2.415252177137436	0.1946263092625658	51.694611152464965	1454088601463139800	0.000321	0.004932	-0.3046416596710588
12	1.4540886210042166e+18	2.562004969724009	0.4016547176000573	82.52246199284258	1454088601564139800	-0.003491	0.00339	-0.2518722467395098
13	1.454088622221019e+18	2.5628054146275057	0.569984849879954	115.64909761553496	1454088601665139800	-0.001492	0.00549	-0.295073264492374
14	1.4540886229698202e+18	2.485309443546019	0.6775938523459653	145.69299133473152	1454088601766139800	-0.000899	0.006013	-0.307621040205739
15	1.4540886238122214e+18	2.358900598877793	0.7926974405257965	177.693089317328	1454088601866139800	-0.000803	0.006017	-0.3110014911970108
16	1.4540886248418235e+18	2.2670140848211497	0.7793800955455151	-151.89058095009804	1454088601967139800	-0.000803	0.006017	-0.3110014911970108
17	1.454088626339426e+18	2.097497487759309	0.5702966566669677	-123.3525918134759	1454088602068139800	-0.000803	0.006017	-0.3110014911970108
18	1.454088627462628e+18	1.9694446000887045	0.3630886896444255	-117.97165519728038	1454088602169139800	-0.000793	0.005979	-0.3127203645824034
19	1.4540886283050294e+18	1.8176663722110145	0.154552433046964	-126.05487701642409	1454088602270139800	-0.002609	0.005357	-0.2991985606173159
20	1.454088629147431e+18	1.6326329334550105	-0.0592159175747243	-138.93729816070658	1454088602371139800	-0.002727	0.005261	-0.297078616775332
21	1.4540886299898324e+18	1.4155437758939675	-0.2403127492661134	-152.65957970381987	1454088602471139800	-0.001469	0.003878	-0.288140475171291
22	1.4540886307386337e+18	1.210227454895909	-0.2832489177174587	-164.73873376898888	1454088602572139800	-0.001309	0.003699	-0.2875102215966471
23	1.4540886317682355e+18	1.004679405723376	-0.2741025220825121	168.87134293931692	1454088602673139800	-0.001309	0.003699	-0.2875102215966471
24	1.4540886327042373e+18	0.8260328684809586	-0.2226296631426912	148.92013511660682	1454088602774139800	-0.002443	0.002619	-0.2625292617289432
25	1.4540886340146396e+18	0.6205760551404451	-0.076778238856485	144.50820779657056	1454088602875139800	-0.002394	0.002685	-0.266597262074372
26	1.4540886349506412e+18	0.4092762122270683	0.0837667232909552	153.17566828923228	1454088602975139800	-0.001562	0.004579	-0.2988547859402374
27	1.454088635980243e+18	0.1570388560268162	0.1907201881468645	162.93293993834496	1454088603076139800	-0.003094	0.003627	-0.2824681929994959
28	1.4540886368226445e+18	-0.0627269315965526	0.2647589106122303	170.09229083286803	1454088603177139800	-0.003094	0.003627	-0.2824681929994959
29	1.4540886375714458e+18	-0.2833365422183065	0.2987400574229977	175.7327325514189	1454088603278139800	-0.00236	0.004565	-0.2910052641469451
30	1.4540886384138473e+18	-0.5051883385720816	0.3175038809169803	-176.77329653992325	1454088603379139800	-0.000901	0.003921	-0.2912344472649975
31	1.4540886393498488e+18	-0.7314395907750886	0.2822794324111373	-167.0942849902217	1454088603479139800	-0.001454	0.002671	-0.275592699457926
32	1.4540886408474514e+18	-0.942710646305062	0.2445728120976473	-154.00513340140847	1454088603580139800	-0.003085	0.002492	-0.2583466698244882
33	1.4540886419706534e+18	-1.2064743358063712	0.1463754668812144	-154.96189380181568	1454088603681139800	-0.003085	0.002492	-0.2583466698244882
34	1.454088642906655e+18	-1.4188410834946776	0.00085001475089	-159.39286811761883	1454088603782139800	-0.003085	0.002492	-0.2583466698244882
35	1.4540886437490565e+18	-1.6047175966241092	-0.1121586464000094	-162.00817228151652	1454088603883139800	-0.004181	0.000912	-0.2363450904914646
36	1.454088644591458e+18	-1.8063149363957884	-0.3097123434835604	-161.35749948075906	1454088603983139800	-0.008011	-0.001717	-0.2390379921285795
37	1.4540886455274596e+18	-2.056068608840257	-0.4421388128488913	-154.27439258591068	1454088604084139800	-0.000506	0.007953	-0.3889237513348028
38	1.4540886470250624e+18	-2.2471677502210747	-0.623001595835907	-138.94157805071612	1454088604185139800	0.000645	0.01058	-0.4812272521303786
39	1.4540886482418644e+18	-2.463294891519902	-0.8236053917688819	-123.58766251864232	1454088604286139800	-0.008615	0.005149	-0.2993131521763421
40	1.4540886492714662e+18	-2.567881444474531	-1.0988467361420116	-110.24725903916357	1454088604387139800	-0.000209	0.011926	-0.5181830299163166
41	1.454088651985871e+18	-2.6157727937696955	-1.297120364014731	-77.66362891813404	1454088604488139800	-0.004643	0.007188	-0.2891717992025265
42	1.4540886567594793e+18	-2.59378165649046	-1.163484027359045	-109.045975651506	1454088604588139800	-0.002789	0.009593	-0.4940615067413089
43	1.4540886580698816e+18	-2.447125727458056	-0.9321787817504176	-123.75113295959896	1454088604689139800	-0.001152	0.010958	-0.5798332886723933
44	1.454088659380284e+18	-2.2273293940267367	-0.7871244049543807	-136.77205956789632	1454088604790139800	-0.007385	0.001886	-0.2325062732640881
45	1.4540886615330877e+18	-2.0204216717297543	-0.6156740302434363	-136.572368894871	1454088604891139800	-0.002776	0.010759	-0.5510708073568259
46	1.454088663405091e+18	-1.953053157330112	-0.597179469047188	-102.13845628393706	1454088604992139800	-0.001354	0.010567	-0.5177819594597248
47	1.4540886641538924e+18	-2.0144456703665754	-0.6628045826898289	-73.35040966485718	1454088605092139800	-0.001467	0.011451	-0.5247147487808081
48	1.4540886652770944e+18	-1.9346186087105697	-0.7654672392540897	-44.18437941551176	1454088605193139800	-0.002292	0.010801	-0.5197300159631698
49	1.4540886668682972e+18	-1.802552372667142	-0.9115416954999356	-14.94143814964666	1454088605294139800	-0.002434	0.008534	-0.5174381847826466
50	1.4540886682722995e+18	-1.6025910380407666	-0.8979525730580435	15.610551405054668	1454088605395139800	-0.001226	0.009967	-0.4751538995019918
51	1.4540886697699023e+18	-1.4251906640338603	-0.7884946923641045	49.27016873990501	1454088605496139800	-0.009733	0.00298	-0.2963910674211749
52	1.4540886710803046e+18	-1.3610973301512987	-0.5617454770807306	79.24452046616867	1454088605596139800	0.000219	0.011874	-0.503114239904376
53	1.4540886721099064e+18	-1.3819082346271383	-0.3613478082090717	107.3416875634697	1454088605697139800	-7.8e-05	0.012237	-0.5330226368102051
54	1.4540886738883095e+18	-1.47857789499396	-0.1814993894062747	129.65909071239426	1454088605798139800	-0.001322	0.009461	-0.4868422385226607
55	1.4540886773515156e+18	-1.6708321244351008	0.0361973003015972	115.53988319181676	1454088605899139800	-0.000222	0.012671	-0.5134274802167308
56	1.4540886791299187e+18	-1.7794135834890736	0.2263840787452116	115.5578765910422	1454088606000139800	-0.001257	0.014114	-0.566426076266332
57	1.4540886802531208e+18	-1.9495478981722467	0.4449306634139893	120.375757642401	1454088606100139800	0.000664	0.012605	-0.5328507494716656
58	1.4540886811891223e+18	-2.101112768974605	0.6365356132200447	121.3760664010304	1454088606201139800	-0.004281	0.009389	-0.5530188638602708
59	1.454088682125124e+18	-2.2232257033096365	0.7788313816328355	123.64696870142951	1454088606302139800	0.000801	0.010051	-0.455157672451926
60	1.454088683154726e+18	-2.378642449031133	0.9935780479617506	124.44544741814212	1454088606403139800	-0.003157	0.010898	-0.5493519339714334
61	1.4540886840907274e+18	-2.4843144705215674	1.2445955737430492	120.01633351262356	1454088606504139800	-0.000164	0.012591	-0.530215143614064
62	1.4540886850267292e+18	-2.6340958792905163	1.441134926195028	115.65567690473408	1454088606604139800	-0.001387	0.012649	-0.5499248917665643
63	1.4540886862435313e+18	-2.748408385396972	1.6071953362144713	109.53824790548202	1454088606705139800	-0.001145	0.010264	-0.5186413961524213
64	1.454088687273133e+18	-2.825457059774445	1.8783329692503303	106.58866068090872	1454088606806139800	-0.002156	0.010972	-0.4901653937344193
65	1.4540886881155346e+18	-2.951412384320885	2.032145605638031	106.6906620784788	1454088606907139800	-0.000796	0.013258	-0.5462006660982138
66	1.4540886891451364e+18	-2.993935396938116	2.3214930776278138	109.98442178043312	1454088607007139800	-0.001038	0.01165	-0.5213342977895361
67	1.454088689987538e+18	-3.0088479583135004	2.501907484663966	112.29522253942471	1454088607108139800	-0.000223	0.012201	-0.5319913127789695
68	1.4540886907363392e+18	-3.367164609808306	2.7030617382686324	119.9145109499114	1454088607209139800	-0.000163	0.017201	-0.6672093524298439
69	1.4540886914851405e+18	-3.5002981001474613	2.970081246269089	121.43442412670532	1454088607310139800	-0.009494	0.004076	-0.5205894526558661
70	1.4540886922339418e+18	-3.622302110432191	3.169523443133356	124.2673656922544	1454088607411139800	-0.001132	0.012049	-0.932145036898336
71	1.4540886928891428e+18	-3.682436565765441	3.372016299118737	129.39135688787522	1454088607512139800	0.00231	0.022169	-1.629893039808653
72	1.4540886937315443e+18	-3.8766595607383834	3.547205253836647	127.80622727085316	1454088607612139800	0.013486	0.010244	-2.212132751220596
73	1.454088694667546e+18	-4.033812817087086	3.7812831636475184	128.96219369180787	1454088607713139800	0.025534	0.011887	-3.231252781419791
74	1.4540886956035476e+18	-4.23318591283429	3.9846147823948	132.43428872203015	1454088607814139800	0.028048	0.005512	-4.105872855686992
75	1.4540886965395492e+18	-4.41162804405005	4.223656649158099	138.77545305446515	1454088607915139800	0.051222	0.008792	-5.229786866615616
76	1.454088697475551e+18	-4.664348402837107	4.3651617007955545	144.7750035722009	1454088608015139800	0.086982	-0.002502	-5.094855305862306
77	1.4540886987859533e+18	-4.901785606226876	4.412648299286469	174.4721083375044	1454088608116139800	0.101667	0.007201	-6.30127523928977
78	1.454088699815555e+18	-5.126003453856893	4.342419370608	-161.36186690011837	1454088608217139800	0.128947	0.006055	-6.643846704998488
79	1.454088700938757e+18	-5.279887289975857	4.261954570737954	-131.42065173847172	1454088608318139800	0.136855	-0.004948	-7.47148424006496
80	1.454088701968359e+18	-5.40571151856541	4.044768064974217	-108.03611017355372	1454088608419139800	0.148203	0.000618	-8.86932937284563
81	1.4540887032787612e+18	-5.445324351744744	3.841378664123678	-96.8234034037353	1454088608520139800	0.159975	0.000796	-9.607986562328287
82	1.4540887045891635e+18	-5.429682780656588	3.644007890990853	-84.95815121730023	1454088608620139800	0.176431	-0.004613	-10.162552412235412
83	1.454088706180366e+18	-5.343600337617003	3.4476909625075542	-62.46720380737443	1454088608721139800	0.183586	-0.014487	-10.801343058026768
84	1.454088707116368e+18	-5.21310713000363	3.246562205674829	-59.33853182978628	1454088608822139800	0.19713	-0.009178	-11.569736757076717
85	1.45408870833317e+18	-5.0435899217683104	3.0376583297432216	-52.9618297654639	1454088608923139800	0.215645	-0.008433	-12.456102466144095
86	1.4540887091755715e+18	-4.96484984207314	2.824421137065716	-30.215699128117755	1454088609024139800	0.220094	-0.019365	-13.049400263002068
87	1.4540887111411748e+18	-4.837805422278833	2.743386708737189	2.965721955779234	1454088609124139800	0.235838	-0.013377	-13.499229427959277
88	1.4540887156339827e+18	-4.62277517928596	2.728409127317355	22.69035203665024	1454088609225139800	0.232908	-0.025157	-13.725490461256436
89	1.4540887167571848e+18	-4.411593498915759	2.853028791781006	32.348918122388014	1454088609326139800	0.248433	-0.029958	-14.054081756763969
90	1.4540887178803868e+18	-4.198387379127344	2.917635027933888	39.54736013147947	1454088609427139800	0.275953	-0.026641	-14.489071314827283
91	1.454088719284389e+18	-3.978325782350877	3.07736933449666	36.80901529675992	1454088609528139800	0.267558	-0.042703	-15.021807472739928
92	1.4540887205947914e+18	-3.772287547256119	3.152693154324903	30.58973245794606	1454088609629139800	0.28408	-0.043627	-15.902901970092104
93	1.4540887219051937e+18	-3.533122775177166	3.3102240591303307	27.54375847861673	1454088609729139800	0.29568	-0.053913	-16.23728013933045
94	1.4540887228411955e+18	-3.2909871026194515	3.408412891737596	23.29660427657743	1454088609830139800	0.324448	-0.0419	-17.018565388770845
95	1.454088723777197e+18	-3.113163550661416	3.552324078244888	26.19538874335301	1454088609931139800	0.346684	-0.033825	-18.155027175412837
96	1.4540887245259983e+18	-2.8908982683236006	3.589591640525472	35.43252346225234	1454088610032139800	0.353601	-0.04808	-18.841430613979558
97	1.454088725462e+18	-2.666890509146288	3.74885648234274	40.637281928688125	1454088610133139800	0.377151	-0.054176	-19.08092697234424
98	1.4540887263980017e+18	-2.4860055632827347	3.933781717263849	37.93615343840239	1454088610233139800	0.392737	-0.069832	-18.740418154697995
99	1.4540887273340035e+18	-2.2020326108746264	4.019966641751928	32.66158636287704	1454088610334139800	0.413666	-0.072594	-18.959345328217484
100	1.4540887280828047e+18	-2.010203379464771	4.229319954802739	31.1588630069912	1454088610435139800	0.431382	-0.096696	-18.03115370010555
101	1.4540887290188063e+18	-1.776130395248791	4.290570678024477	29.710714832514185	1454088610536139800	0.45414	-0.093788	-18.003422542821223
102	1.45408873117161e+18	-1.5587594258826114	4.398571730780307	61.70286920876764	1454088610637139800	0.48994	-0.101273	-16.916693492796586
103	1.4540887320140116e+18	-1.5537004218714603	4.576098377995098	91.20564244041506	1454088610738139800	0.516798	-0.107799	-16.702922939433275
104	1.4540887329500132e+18	-1.6153054822164767	4.659865288753657	119.14549559747591	1454088610838139800	0.557081	-0.118759	-15.148316553904811
105	1.4540887346348163e+18	-1.8153302965231837	4.852337668696405	150.52457798711282	1454088610939139800	0.561654	-0.11771	-15.839704725289176
106	1.4540887359452186e+18	-1.9753817895766976	4.8756836199796965	173.90186411323498	1454088611040139800	0.592222	-0.128978	-14.919477210529555
107	1.4540887392212242e+18	-1.765835085807942	4.810102315510694	141.08767795492332	1454088611141139800	0.603312	-0.130556	-15.240906533597954
108	1.4540887403444262e+18	-1.5823442351262502	4.661711858217906	108.12513873233252	1454088611242139800	0.635094	-0.124349	-15.102651817632884
109	1.4540887417484288e+18	-1.4120995774141682	4.478847331627967	78.45655890015207	1454088611342139800	0.648279	-0.129233	-15.084259872409186
110	1.4540887439948326e+18	-1.3814958370343209	4.395104964972371	46.459360125678415	1454088611443139800	0.670524	-0.137216	-14.68937736000502
111	1.4540887449308342e+18	-1.1955344541513442	4.468878199284736	16.10613354948859	1454088611544139800	0.686247	-0.143368	-14.405534068297213
112	1.4540887456796357e+18	-0.9858543915540118	4.558257887194785	25.79423216357535	1454088611645139800	0.703062	-0.139006	-14.25180949186361
113	1.4540887466156372e+18	-0.759569326049649	4.5989148715735055	41.294831397036944	1454088611746139800	0.729134	-0.150432	-13.670944879159984
114	1.4540887477388393e+18	-0.5576166593349136	4.722031059088898	62.08849561144332	1454088611847139800	0.753455	-0.166524	-13.02573710606316
115	1.4540887486748408e+18	-0.4606833268539262	4.866064318524819	79.23913487079813	1454088611947139800	0.774363	-0.170727	-12.186296640416993
116	1.454088749798043e+18	-0.418592287614855	5.006344102633887	96.89402204093687	1454088612048139800	0.80509	-0.175168	-12.186697710873586
117	1.4540887542908508e+18	-0.4068673214431855	5.115029337915413	111.21113051391774	1454088612149139800	0.823404	-0.182431	-11.241260053128212
118	1.4540887553204526e+18	-0.3747095011238293	5.219417218476801	97.68131593902316	1454088612250139800	0.862417	-0.181234	-10.77240868937266
119	1.4540887564436544e+18	-0.3454985196417128	5.347994396276609	72.33158175328118	1454088612351139800	0.894201	-0.190122	-10.44376009808562
120	1.4540887570988557e+18	-0.2322046847539075	5.41988666803371	75.03237075951246	1454088612451139800	0.914433	-0.190049	-10.57536850362717
121	1.4540887579412572e+18	-0.0765055691058826	5.506595061609064	80.11387065640376	1454088612552139800	0.939567	-0.198857	-9.398570488207971
122	1.454088758970859e+18	-0.0037424940065501	5.62545570274188	76.39728624729595	1454088612653139800	0.965413	-0.211492	-8.672174595541115
123	1.4540887597196603e+18	0.2087178149870734	5.675906654429203	67.88734160070774	1454088612754139800	0.987888	-0.209888	-8.781896013308668
124	1.4540887643060682e+18	0.2001707114024491	5.444240980477176	67.53735891100948	1454088612855139800	1.01201	-0.208972	-8.394404656461692
125	1.45408876533567e+18	0.2149023499814817	5.134323981047044	66.28502802098431	1454088612956139800	1.023028	-0.221461	-7.523967174098945
126	1.4540887661780716e+18	0.2682637956473636	4.835134897633071	65.96259335141184	1454088613056139800	1.046429	-0.220026	-7.431033419728727
127	1.454088767114073e+18	0.2625047890439968	4.588358747382324	66.45821435799193	1454088613157139800	1.062425	-0.21775	-7.240410361288703
128	1.454088768050075e+18	0.1761104390037516	4.333755257769243	69.65864749901758	1454088613258139800	1.094192	-0.228153	-6.40985074146706
129	1.4540887693604772e+18	0.1359006455951693	4.103483798833767	69.2182995634052	1454088613359139800	1.109308	-0.233447	-5.535574441876938
130	1.4540887707644797e+18	0.1192066469515589	3.830467156576967	68.87607367777284	1454088613460139800	1.139705	-0.238588	-4.65528208543794
131	1.454088771606881e+18	0.0817288413322995	3.7551931301144728	41.103709925784045	1454088613560139800	1.17937	-0.234868	-4.010246199679657
132	1.4540887725428828e+18	0.1033123528313352	3.757431870058449	10.958243230481536	1454088613661139800	1.217693	-0.236346	-3.440439672422055
133	1.4540887735724846e+18	0.2162704347207192	3.7665072682633824	-23.081129149830783	1454088613762139800	1.241647	-0.233986	-2.861580412001384
134	1.4540887758188884e+18	0.361061541835062	3.7960645058641926	-55.122240547715215	1454088613863139800	1.271184	-0.232447	-2.450655081333557
135	1.4540887770356908e+18	0.3830766125116368	3.647261393651713	-83.93974184586277	1454088613964139800	1.285969	-0.227176	-1.971948843501755
136	1.4540887779716923e+18	0.4711155184232731	3.367987241062506	-87.17261912317615	1454088614065139800	1.304708	-0.226978	-1.6511497740080063
137	1.454088778907694e+18	0.5406340373063449	3.1681755745988864	-79.88671628887435	1454088614165139800	1.337798	-0.24251	-0.3067043077335297
138	1.4540887796564954e+18	0.5606711104782663	2.9156532766408767	-67.77999602880651	1454088614266139800	1.360161	-0.232588	-0.0975747125107792
139	1.454088780592497e+18	0.580201680923387	2.7220553626753885	-65.43714447412977	1454088614367139800	1.401365	-0.240467	0.804432744363676
140	1.4540887818092992e+18	0.7161123307590657	2.5570450396181226	-57.13752011870865	1454088614468139800	1.419884	-0.233838	1.2307706397205216
141	1.4540887826517005e+18	0.8519683069029995	2.42500309100058	-33.18788543817032	1454088614569139800	1.445259	-0.226884	1.928575938410352
142	1.4540887837749025e+18	0.9670278697853194	2.4137915866302704	-3.3568564432498644	1454088614669139800	1.479055	-0.221736	2.4554106310331427
143	1.4540887848045043e+18	1.1259776685837284	2.423457797107209	26.08533547613852	1454088614770139800	1.520319	-0.2242	3.725658062838178
144	1.4540887866765076e+18	1.242110375019655	2.5115511732082445	40.21650581389324	1454088614871139800	1.544356	-0.227605	4.291912251765972
145	1.4540887877997097e+18	1.369707159632538	2.6795203360170223	53.23738499167314	1454088614972139800	1.566803	-0.214515	4.337233213360819
146	1.4540887884549107e+18	1.4516656222455857	2.8324271734748887	60.85210807935021	1454088615073139800	1.601492	-0.21891	5.295619717276147
147	1.454088789203712e+18	1.463398007746089	2.987021487013544	58.24719244172002	1454088615174139800	1.629081	-0.215453	6.246500474075261
148	1.4540887904205143e+18	1.563883042913706	3.151405678595985	48.04482637175076	1454088615274139800	1.657014	-0.211669	7.159451424836715
149	1.4540887922925174e+18	1.71321160010924	3.2399777595945425	25.79695545699102	1454088615375139800	1.677928	-0.206857	7.408516178380085
150	1.4540887945389215e+18	1.7380446290137028	3.349232846361447	-3.176668215162184	1454088615476139800	1.707729	-0.198361	8.134625592149376
151	1.454088795474923e+18	1.7093171159372575	3.326020008940753	-34.309697068554314	1454088615577139800	1.732655	-0.201001	9.621451070513864
152	1.4540887966917253e+18	1.7671661165311336	3.3379785646142093	-62.56405976386756	1454088615678139800	1.771012	-0.200554	11.16941114561881
153	1.4540887980021276e+18	1.819038438721268	3.279187170956866	-94.100702307668	1454088615779139800	1.786521	-0.203949	12.155987173054571
154	1.45408879931253e+18	1.7890976745079443	3.197478747304147	-122.33736523331476	1454088615879139800	1.806326	-0.187548	13.279557409306117
155	1.4540888002485315e+18	1.724610249345251	3.1175180575554142	-137.28929601763312	1454088615980139800	1.829965	-0.183496	13.877610755863673
156	1.454088801090933e+18	1.6142673103952023	3.02253035861793	-142.6930135811576	1454088616081139800	1.852733	-0.172856	14.972762285476724
157	1.4540888018397343e+18	1.5489023318584856	3.006220117717153	-141.57618923755223	1454088616182139800	1.879615	-0.164565	15.933096845895498
158	1.4540888026821358e+18	1.5518720627142435	2.915938479527397	-140.6637035389034	1454088616283139800	1.901541	-0.151252	17.042973390843414
159	1.4540888065197425e+18	1.424647023941732	2.806474849271643	-142.2111017510876	1454088616384139800	1.921959	-0.140928	18.125519848963595
160	1.4540888077365445e+18	1.2405272375458327	2.673884261367303	-144.0746904540789	1454088616485139800	1.939067	-0.137349	19.576707352470944
161	1.454088809140547e+18	1.1376940801415207	2.569830026091453	-143.32106270976	1454088616585139800	1.956711	-0.132132	20.51206095302202
162	1.4540888100765486e+18	1.0160915844544611	2.457375946801244	-148.7533363082359	1454088616686139800	1.978134	-0.124849	22.028966715630865
163	1.4540888110125504e+18	0.9091786459305472	2.4001742787047253	-158.27058365575132	1454088616787139800	2.013617	-0.126839	23.848680672966363
164	1.454088811948552e+18	0.770138427308687	2.4037886303355007	-151.67543155246042	1454088616888139800	2.04669	-0.111809	24.9481293860429
165	1.4540888128845537e+18	0.6714953291740897	2.304288315623175	-144.44710360644723	1454088616989139800	2.073695	-0.101934	26.54519194419056
166	1.454088815411758e+18	0.6340413925738317	2.1813225268352494	-139.84657957653934	1454088617089139800	2.104187	-0.083099	27.86729205645493
167	1.4540888166285601e+18	0.4719237279724029	2.0796400268064934	-136.55118369875018	1454088617190139800	2.133744	-0.075957	29.494033828390368
168	1.4540888177517622e+18	0.391546315756044	2.0036151559765423	-136.53174684250374	1454088617291139800	2.16513	-0.04764	31.01592432381685
169	1.454088819904566e+18	0.5493153247731424	2.1660673909801997	-134.5718717078441	1454088617392139800	2.16936	-0.031047	32.049196411555776
170	1.4540888207469673e+18	0.6906841006678522	2.33870603417926	-131.97322801828662	1454088617493139800	2.192954	-0.02272	33.16841216856434
171	1.4540888214957688e+18	0.6989092490053515	2.397198694229729	-129.36005126401298	1454088617593139800	2.204196	-0.002484	34.06469004748748
172	1.4540888237421727e+18	0.8646716484246729	2.514101258691247	-141.38204693040652	1454088617694139800	2.231035	0.010886	35.93814744600624
173	1.4540888246781742e+18	0.9341321535548712	2.65791294724138	-111.70076969987204	1454088617795139800	2.238916	0.032516	36.41782771208977
174	1.454088825614176e+18	0.958442445940798	2.770111015608885	-74.65002379998352	1454088617896139800	2.247374	0.049013	37.17298608607219
175	1.4540888274861793e+18	1.008336466569065	2.613373646472917	-47.74775021907252	1454088617997139800	2.283214	0.057256	38.87873873795617
176	1.4540888287965816e+18	1.0883315431821572	2.389598294119639	-37.3755953476162	1454088618097139800	2.310568	0.075653	40.28540742078185
177	1.454088830106984e+18	1.2374315762434642	2.3565187811625847	-31.0453200548	1454088618198139800	2.328693	0.098274	41.13917183130629
178	1.4540888310429855e+18	1.3641145670586523	2.2793854598336982	-25.10252985072827	1454088618299139800	2.345528	0.120716	41.87410479512061
179	1.4540888319789873e+18	1.518446187887026	2.221398790036168	-15.115941597117429	1454088618400139800	2.372459	0.131563	43.722638529551176
180	1.4540888329149888e+18	1.658045382002612	2.2364535385271758	-7.361120336075294	1454088618501139800	2.393165	0.1602	44.57898125015371
181	1.4540888334765898e+18	1.7907267116560222	2.191212437367994	-6.432556331039922	1454088618601139800	2.422867	0.193506	45.83519121597803
182	1.4540888344125914e+18	1.9452086176299	2.19211176953678	-12.909767110389362	1454088618702139800	2.434193	0.210374	47.17562597768661
183	1.454088835161393e+18	1.9537233337388888	2.1045085845268465	-22.835558002316283	1454088618803139800	2.45619	0.228785	48.90550015274559
184	1.4540888360037942e+18	2.0449135568890373	2.06402871162977	-24.564969542686253	1454088618904139800	2.473665	0.253447	50.034570783830375
185	1.4540888366589955e+18	2.180060503024292	1.990444260046103	-22.92516509363266	1454088619005139800	2.496519	0.269641	51.31673573777413
186	1.454088837594997e+18	2.381014185988407	1.9705792621485057	-9.778852788256106	1454088619106139800	2.508493	0.287775	52.30852568114559
187	1.4540888386245988e+18	2.4863169229252837	1.815290777136699	5.689209899452758	1454088619206139800	2.514238	0.305954	53.19930316523549
188	1.4540888405902024e+18	2.6527907923311838	1.8953406375858248	25.05992000286295	1454088619307139800	2.526312	0.321824	54.421651325367584
189	1.4540888417134044e+18	2.655674998365148	1.6820577216671218	48.72821392847855	1454088619408139800	2.536041	0.328579	55.98410723268935
190	1.4540888430238067e+18	2.6337896573633395	1.832876164418526	80.9999149945607	1454088619509139800	2.546299	0.34061	57.62780855536064
191	1.4540888435854075e+18	2.59174476242264	1.8510977056343896	110.56120962859752	1454088619610139800	2.556492	0.349228	59.06828174809905
192	1.4540888445214093e+18	2.434838726241708	1.635439418470856	139.1640089045492	1454088619711139800	2.566137	0.366358	59.756575947389706
